1001000000010101001100001000010000000101000010000000100000001100000001000001100011100010001001001010100110111000000010000010000000010010000000000000000000100100011000010001001000000000000000000101000001000010000101000000010000001000000000000000010000000000000000100001000010000000001100000011000010000100000000
0100101000001010100001000011101000111000101100011111001101110011010100101010001100001001100110000001011001000111110101010101101010000100101111101011110011010000100111101100100111111111011110011000010100110100110010010010101110010111110111111000100110111000101010010010100100111001010000010000010101110011000111
0010010000000000000000010000000111000000000001000000000000000000000000000000000000000000000000000000000000000000000000000000000000000000000000000000000000000000000000000000000000000000000000000000000000000000000000000000000000000000000000000010000001000000010000000000011001000010000010000000100000000000000000
1001000000010101001100001000010000000101000010000000100000001100000001000001100011100010001001001010100110111000000010000010000000010010000000000000000000100100011000010001001000000000000000000101000001000010000101000000010000001000000000000000010000000000000000100001000010000000001100000011000010000100000000
0100101000001010110001000011101000111000111100011111001101110011010100101010001100001001100110000001011001000111110101010101101010000100101111101011110011010000100111101100100111111111011110011000010100110100110010010010101110110111110111111000100110111000101010010010100100111001010000010000010101110011000111
0010010000000000000000010000000111000000000001000000000000000000000000000000000000000000000000000000000000000000000000000000000000000000000000000000000000000000000000000000000000000000000000000000000000000000000000000000000000000000000000000010000001000000010000000000011001000010000010000000100000000000000000
0100101000001010110001000011101000111000101100011111001101110011010100101010001100001001100110000001011001000111110101010101101010000100101111101011110011010000100111101100100111111111011110011000010100110100110010010010101110010111110111111000100110111000101010010010100100111001010000010000010101110011000111
0000000100000000000000000000000000000010000000000000000000000000000000000000000000000000000000000000000000000000000000000000000000000000000000000000000000000000000000000000000000000000000000000000000000000000000000000000000000000000000000000000000000000000000000000000000000000000000000000000000000000000000000
0000000011000000000010100100000000000000000000000000000010000000101000010100010000010100000000000000000000000000001000101000000100100001000000010000000000000001000000000010010000000000000001000000101000000001000000101000000001000000001000000100001000000111000001001100000000000000000001101100000000000000101000
0000000011000000000010100100000000000000000000000000000010000000101000010100010000010100000000000000000000000000001000101000000100100001000000010000000000000001000000000010010000000000000001000000101000000001000000101000000001000000001000000100001000000111000001001100000000000000000001101100000000000000101000
0000000000100000000000000000000000000000000000000000010000000000000000000000000000000000000000000000000000000000000000000000000000000000010000000000001000000100000000000000000000000000000000000000000000000000000000000000000000000000000000000001000000000000000000000000000000000000000000000000000000001000000000
1001000000010101001100001000010000000101000010000000100000001100000001000001100011100010001001001010100110111000000010000010000000010010000000000000000000100100011000010001000000000000000000000101000001000010000101000000010000001000000000000000010000000000000000100001000010000000001100000011000010000100000000
0100101000001010100001000011101000111000101100011111001101110011010100101010001100001001100110100001011001000111110101010101101010000100101111101011110011010000100111101100100111111111011110011000010100110100110010010010101110010111110111111000100110011000101010010010100100111001010000010000010101110011000111
1001000000010101001100001000010000000101000010000000000000001100000001000001100011100010001001001010100110111000000010000010000000010010000000000000000000100100011000010001000000000000000000000101000001000010000101000000010000001000000000000000000000000000000000100001000010000000001100000011000010000100000000
0100101000001010110001000011101000111000101100011111001101110011010100101010001100001001100110000001011001000111110101010101101010000100101111101011110011010000100111101100100111111111011110011000010100110100110010010010101110010111110111111000100110111000101010010010100100111001010000010000010101110011000111
1001000000010101001100001000010000000101000010000000100000001100000001000001100011100010001001001010100110111000000010000010000000010010000000000000000000100100011000010001001000000000000000000101000001000010000101000000010000001000000000000000010000000000000000100001000010000000001100000011000010000100000000
0100101000001010110001000011101000111000101100011111001101110011010100101010001100001001100110000001011001000111110101010101101010000100101111101011110011010000100111101100100111111111011110011000010100110100110010010010101110010111110111111000100110111000101010010010100100111001010000010000010101110011000111
0000101000000010110001000011000000100000010100001101001100010011000100101000001100000000000110000000011000000101010001010101101000000100000100100011010011000000100110100100100110101000010110000010000100100000110000000000100110100001010000101000100110010000100000010000000000111001010000000000010101110000000100
1001000000010101001100001000010000000101000010000000100000001100000001000001100011100010001001001010100110111000000010000010000000010010000000000000000000100100011000010001001000000000000000000101000001000010000101000000010000001000000000000000010000000000000000100001000010000000001100000011000010000100000000
1001000000010101001100000000000000000101000010000000000000001100000001000001100011100010001001001010100110111000000010000010000000010010000000000000000000100100011000010001000000000000000000000101000001000010000101000000010000001000000000000000010000000000000000100001000010000000001100000011000010000100000000
0000000011000000000010100100000000000000000000000000000010000000101000010100010000010100000000000000000000000000001000101000000100100001000000010000000000000001000000000010010000000000000001000000101000000001000000101000000001000000001000000100001000000111000001001100000000000000000001101100000000000000101000
0100101000001010110001000011101000111000111100011111001101110011010100101010001100001001100110000001011001000111110101010101101010000100101111101011110011010000100111101100100111111111011110011000010100110100110010010010101110110111110111111000100110111000101010010010100100111001010000010000010101110011000111
0000000011000000000010100100000000000000000000000000000010000000101000010100010000010100000000000000000000000000001000101000000100100001000000010000000000000001000000000010010000000000000001000000101000000001000000101000000001000000001000000100001000000111000001001100000000000000000001101100000000000000101000
0010010000000000000000010000000111000000000001000000000000000000000000000000000000000000000000000000000000000000000000000000000000000000000000000000000000000000000000000000000000000000000000000000000000000000000000000000000000000000000000000010000001000000010000000000011001000010000010000000100000000000000000
1001000000010101001000001000010000000101000010000000100000001100000001000001100011100010001001001010100110111000000010000010000000010010000000000000000000100000011000010001001000000000000000000100000001000010000101000000010000001000000000000000010000000000000000100001000010000000001100000011000010000100000000
0000000011000000000010100100000000000000000000000000000010000000101000010100010000010100000000000000000000000000001000101000000100100001000000010000000000000001000000000010010000000000000001000000101000000001000000101000000001000000001000000100001000000111000001001100000000000000000001101100000000000000101000
0100101000001010110001000011101000111000101100011111001101110011010100101010001100001001100110000001011001000111110101010101101010000100101111101011110011010000100111101100100111111111011110011000010100110100110010010010101110110111110111111000100110111000101010010010100100111001010000010000010101110011000111
0100101000001010110001000011101000111000101100011111001101110011010100101010001100001001100110000001011001000111110101010101101010000100101111101011110011010000100111101100100111111111011110011000010100110100110010010010101110010111110111111000100110111000101010010010100100111001010000010000010101110011000111
0100101000001010100001000011101000111000101100011111001101110011010100101010001100001001100110000001011001000110110101010101101010000100101111101011110011010000100111101100100111111111011110011000010100110100110010010010101110010111110111111000100110111000101010010010100100111001010000010000010101110011000111
1001000000010101001000001000010000000101000010000000100000001100000001000001100011100010001001001010100110111000000010000010000000010010000000000000000000100000011000010001001000000000000000000100000001000010000101000000010000001000000000000000000000000000000000100000000010000000001100000010000010000100000000
0100101000001010100001000011101000011000101100011111001101100011010100101010001100001001100110000001011001000111110101010101101010000000101111101011110011010000100111101000100111110111011110011000010100110100110010010010101010010111110111111000100110011000101010010010100100111001010000010000010101100011000111
0010010000000000000000010000000111000000000001000000000000000000000000000000000000000000000000000000000000000000000000000000000000000000000000000000000000000000000000000000000000000000000000000000000000000000000000000000000000000000000000000010000001000000010000000000011001000010000010000000100000000000000000
0010010000000000000000010000000111000000000001000000000000000000000000000000000000000000000000000000000000000000000000000000000000000000000000000000000000000000000000000000000000000000000000000000000000000000000000000000000000000000000000000010000001000000010000000000011001000010000010000000100000000000000000
0010010000000000000000010000000111000000000001000000000000000000000000000000000000000000000000000000000000000000000000000000000000000000000000000000000000000000000000000000000000000000000000000000000000000000000000000000000000000000000000000010000001000000010000000000011001000010000010000000100000000000000000
0100101000001010110001000011100000111000111100011111001100110011010100101010001100001001000110000001011001000111110101010101101010000100101111101011110011010000100111101100100111111111011110011000010100110100110010010010101110110111110111111000100110011000101010010000100100111001010000010000010101110011000111
0100101000001010100001000011101000111000101100011111001101110011010100101010001100001001100100000001011001000111110101010101101010000100101111101011110011010000100111101100100111111111011110011000010100110100110010010010101110010111110111111000100110011000101010010010100100111001010000010000010101110011000111
0100101000001010100001000011101000111000111100011111001101110011010100101010001100001001100110000001011001000111110101010101101010000100101111101011110011010000100111101100100111111111011110011000010100110100110010010010101110110111110111111000100110111000101010010010100100111001010000010000010101110011000111
1001000000010101001100001000010000000101000010000000100000001100000001000001100011100010001001001010100110111000000010000010000000010010000000000000000000100100011000010001000000000000000000000101000001000010000101000000010000001000000000000000010000000000000000100001000010000000001100000011000010000100000000
0000000100000000000000000000000000000010000000000000000000000000000000000000000000000000000000000000000000000000000000000000000000000000000000000000000000000000000000000000000000000000000000000000000000000000000000000000000000000000000000000000000000000000000000000000000000000000000000000000000000000000000000
1001000000010101001100001000010000000101000010000000100000001100000001000001100011100010001001001010100110111000000010000010000000010010000000000000000000100100011000010001001000000000000000000101000001000010000101000000010000001000000000000000010000000000000000100001000010000000001100000011000010000100000000
0100101000001010100001000011101000111000101100011111001101110011010100101010001100001001100110000001011001000110110101010101101010000100101111101011110011010000100111101100100111111111011110011000010100110100110010010010101110010111110111111000100110111000101010010010100100111001010000010000010101110011000111
0000100000000000010001000000000000101000010000000000000000010000000000000000000000000000000010000000000000000001000000000000000000000100000000000000000000000000000000000100000010001000010100000010000000000000000000000000000100100000000000000000000000000000100010010000000000110000000000000000000101010000000000
0100101000001010100001000011101000111000101100011111001101110011010100101010001100001001100100100001011001000111110101010101101010000100101111101011110011010000100111101100100111111111011110011000010100110100110010010010101110010111110111111000100110011000101010010010100100111001010000010000010101110011000111
0100101000001010110001000011101000111000101100011111001101110011010100101010001100001001100110000001011001000111110101010101101010000100101111101011110011010000100111101100100111111111011110011000010100110100110010010010101110010111110111111000100110111000101010010010100100111001010000010000010101110011000111
1001000000010101001100001000010000000101000010000000100000001100000001000001100011100010001001001010100110111000000010000010000000010010000000000000000000100100011000010001000000000000000000000101000001000010000101000000010000001000000000000000010000000000000000100001000010000000001100000011000010000100000000
0010010000000000000000010000000111000000000001000000000000000000000000000000000000000000000000000000000000000000000000000000000000000000000000000000000000000000000000000000000000000000000000000000000000000000000000000000000000000000000000000010000001000000010000000000011001000010000010000000100000000000000000
0000000000000000000000000000000000000000000000100000000000000000000000000000000000000000000000110000000000000000000000000000000000000000000000000000000000000000000000000000000000000000000000000000000000010000000000000000000000000000000100000000000000000000000000000000000000000000000000000000000000000000000000
0100101000001010100001000011101000111000101100011111001101110011010100101010001100001001100100000001011001000110110101010101101010000100101111101011110011010000100111101100100111111111011110011000010100110100110010010010101110010111110111111000100110111000101010010010100100111001010000010000010101110011000111
0100101000001010110001000011101000111000101100011111001101110011010100101010001100001001100110000001011001000111110101010101101010000100101111101011110011010000100111101100100111111111011110011000010100110100110010010010101110110111110111111000100110111000101010010010100100111001010000010000010101110011000111
0100101000001010110001000011101000111000101100011111001101110011010100101010001100001001100110000001011001000111110101010101101010000100101111101011110011010000100111101100100111111111011110011000010100110100110010010010101110010111110111111000100110111000101010010010100100111001010000010000010101110011000111
0100101000001010100001000011101000111000101100011111001101110011010100101010001100001001100100100001011001000111110101010101101010000100101111101011110011010000100111101100100111111111011110011000010100110100110010010010101110010111110111111000100110111000101010010010100100111001010000010000010101110011000111
0100101000001010110001000011101000111000101100011111001101110011010100101010001100001001100110000001011001000111110101010101101010000100101111101011110011010000100111101100100111111111011110011000010100110100110010010010101110010111110111111000100110111000101010010010100100111001010000010000010101110011000111
1001000000010001001000001000010000000101000010000000100000000100000001000000000011000010001001000000100110111000000010000000000000010010000000000000000000100000001000010000001000000000000000000100000001000010000101000000000000001000000000000000010000000000000000100001000010000000001100000001000010000100000000
0000000000100000000000000000000000000000000000000000010000000000000000000000000000000000000000000000000000000000000000000000000000000000000000000000001000000100000000000000000000000000000000000000000000000000000000000000000000000000000000000000000000000000000000000000000000000000000000000000000000001000000000
0100101000001010110001000011101000111000101100011111001101110011010100101010001100001001100110000001011001000111110101010101101010000100101111101011110011010000100111101100100111111111011110011000010100110100110010010010101110010111110111111000100110111000101010010010100100111001010000010000010101110011000111
0100101000001010110001000011101000111000101100011111001101110011010100101010001100001001100110000001011001000111110101010101101010000100101111101011110011010000100111101100100111111111011110011000010100110100110010010010101110010111110111111000100110111000101010010010100100111001010000010000010101110011000111
0000000011000000000010100100000000000000000000000000000010000000101000010100010000010100000000000000000000000000001000101000000100100001000000010000000000000001000000000010010000000000000001000000101000000001000000101000000001000000001000000100001000000111000001001100000000000000000001101100000000000000101000
0100101000001010100001000011101000011000101100011111001101110011010100101010001100001000100110000001011001000110110101010101101010000100101111101011110011010000100111101100100111111111011110011000010100110100110010010010101110010111110111111000100110111000101010010010100100111001010000010000010101110011000111
0100101000001010100001000011101000111000101100011111001101110011010100101010001100001001100110000001011001000111110101010101101010000100101111101011110011010000100111101100100111111111011110011000010100110100110010010010101110010111110111111000100110111000101010010010100100111001010000010000010101110011000111
0100101000001010110001000011100000111000111100011111001101110011010100101010001100001001100110000001011001000111110101010101101010000100101111101011110011010000100111101100100111111111011110011000010100110100110010010010101110110111110111111000100110111000101010010000100100111001010000010000010101110011000111
1001000000010101001100001000010000000101000010000000000000001100000001000001100011100010001001001010100110111000000010000010000000010010000000000000000000100100011000010001000000000000000000000101000001000010000101000000010000001000000000000000010000000000000000100001000010000000001100000011000010000100000000
1001000000010101001100001000010000000101000010000000100000001100000001000001100011100010001001001010100110111000000010000010000000010010000000000000000000100100011000010001000000000000000000000101000001000010000101000000010000001000000000000000010000000000000000100001000010000000001100000011000010000100000000
0100101000001010110001000011101000111000101100011111001101110011010100101010001100001001100110000001011001000111110101010101101010000100101111101011110011010000100111101100100111111111011110011000010100110100110010010010101110010111110111111000100110111000101010010010100100111001010000010000010101110011000111
0100101000001010110001000011101000111000101100011111001101110011010100101010001100001001100110000001011001000111110101010101101010000100101111101011110011010000100111101100100111111111011110011000010100110100110010010010101110010111110111111000100110111000101010010010100100111001010000010000010101110011000111
0000000011000000000010100100000000000000000000000000000010000000101000010100010000010100000000000000000000000000001000101000000100100001000000010000000000000001000000000010010000000000000001000000101000000001000000101000000001000000001000000100001000000111000001001100000000000000000001101100000000000000101000
0100101000001010100001000011101000111000101100011111001101110011010100101010001100001001100110000001011001000110110101010101101010000100101111101011110011010000100111101100100111111111011110011000010100110100110010010010101110010111110111111000100110111000101010010010100100111001010000010000010101110011000111
0000000011000000000010100100000000000000000000000000000010000000101000010100010000010100000000000000000000000000001000101000000100100001000000010000000000000001000000000010010000000000000001000000101000000001000000101000000001000000001000000100001000000111000001001100000000000000000001101100000000000000101000
0100101000001010110001000011101000111000101100011111001101110011010100101010001100001001100110000001011001000111110101010101101010000100101111101011110011010000100111101100100111111111011110011000010100110100110010010010101110010111110111111000100110111000101010010010100100111001010000010000010101110011000111
0000000000000000000000000000000000000000000000000000000000000000000010000000000000000000010000000000000000000000000000000000010000000000000000000000000000001000000000000000000000000000000000000000000000001000000000000101000000000000000000000000000000000000000000000000000000000100000000000000000000000000000000
1001000000010101001100001000010000000101000010000000100000001100000001000001100011100010001001001010100110111000000010000010000000010010000000000000000000100100011000010001001000000000000000000101000001000010000101000000010000001000000000000000010000000000000000100001000010000000001100000011000010000100000000
0100101000001010110001000011101000111000101100011111001101110011010100101010001100001001100110000001011001000111110101010101101010000100101111101011110011010000100111101100100111111111011110011000010100110100110010010010101110010111110111111000100110111000101010010010100100111001010000010000010101110011000111
0000000011000000000010100100000000000000000000000000000010000000101000010100010000010100000000000000000000000000001000101000000100100001000000010000000000000001000000000010010000000000000001000000101000000001000000101000000001000000001000000100001000000111000001001100000000000000000001101100000000000000101000
0100101000001010110001000011101000111000101100011111001101110011010100101010001100001001100110000001011001000111110101010101101010000100101111101011110011010000100111101100100111111111011110011000010100110100110010010010101110010111110111111000100110111000101010010010100100111001010000010000010101110011000111
0000000011000000000010100100000000000000000000000000000010000000101000010100010000010100000000000000000000000000001000101000000100100001000000010000000000000001000000000010010000000000000001000000101000000001000000101000000001000000001000000100001000000111000001001100000000000000000001101100000000000000101000
0100101000001010100001000011101000111000101100011111001101110011010100101010001100001001100110000001011001000110110101010101101010000100101111101011110011010000100111101100100111111111011110011000010100110100110010010010101110010111110111111000100110111000101010010010100100111001010000010000010101110011000111
1001000000010101001100001000010000000101000010000000000000001100000001000001100011100010001001001010100110111000000010000010000000010010000000000000000000100100011000010001001000000000000000000101000001000010000101000000010000001000000000000000000000000000000000100001000010000000001100000011000010000100000000
1001000000010101001100001000010000000101000010000000000000001100000001000001100011100010001001001010100110111000000010000010000000010010000000000000000000100100011000010001001000000000000000000101000001000010000101000000010000001000000000000000010000000000000000100001000010000000001100000011000010000100000000
0000000011000000000010100100000000000000000000000000000010000000101000010100010000010100000000000000000000000000001000101000000100100001000000010000000000000001000000000010010000000000000001000000101000000001000000101000000001000000001000000100001000000111000001001100000000000000000001101100000000000000101000
0100101000001010110001000011101000111000101100011111001101110011010100101010001100001001100110000001011001000111110101010101101010000100101111101011110011010000100111101100100111111111011110011000010100110100110010010010101110010111110111111000100110111000101010010010100100111001010000010000010101110011000111
0100101000001010110001000011101000111000101100011111001101110011010100101010001100001001100110000001011001000111110101010101101010000100101111101011110011010000100111101100100111111111011110011000010100110100110010010010101110010111110111111000100110111000101010010010100100111001010000010000010101110011000111
1001000000010101001100001000010000000101000010000000100000001100000001000001100011100010001001001010100110111000000010000010000000010010000000000000000000100100011000010001001000000000000000000101000001000010000101000000010000001000000000000000000000000000000000100001000010000000001100000011000010000100000000
1001000000010101001100001000010000000101000010000000100000001100000001000001100011100010001001001010100110111000000010000010000000010010000000000000000000100100011000010001001000000000000000000101000001000010000101000000010000001000000000000000010000000000000000100001000010000000001100000011000010000100000000
1001000000010101001100001000010000000101000010000000000000001100000001000001100011100010001001001010100110111000000010000010000000010010000000000000000000100100011000010001000000000000000000000101000001000010000101000000010000001000000000000000010000000000000000100001000010000000001100000011000010000100000000
0000000011000000000010100100000000000000000000000000000010000000101000010100010000010100000000000000000000000000001000101000000100100001000000010000000000000001000000000010010000000000000001000000101000000001000000101000000001000000001000000100000000000111000001001100000000000000000001101100000000000000101000
0100101000001010100001000011101000111000101100011111001101110011010100101010001100001001100110000001011001000110110101010101101010000100101111101011110011010000100111101100100111111111011110011000010100110100110010010010101110010111110111111000100110111000101010010010100100111001010000010000010101110011000111
0000000011000000000010100100000000000000000000000000000010000000101000010100010000010100000000000000000000000000001000101000000100100001000000010000000000000001000000000010010000000000000001000000101000000001000000101000000001000000001000000100001000000111000001001100000000000000000001101100000000000000101000
1001000000010101001100001000010000000101000010000000100000001100000001000001100011100010001001001010100110111000000010000010000000010010000000000000000000100100011000010001001000000000000000000101000001000010000101000000010000001000000000000000010000000000000000100001000010000000001100000011000010000100000000
0100101000001010100001000011101000111000101100011111001100110011010100101010001100001001100100100001011001000110110101010101101010000000101111101011110011010000100111101100100111111111011110011000010100110100110010010010101110010111110111111000100110011000101010010010100100111001010000010000010101110011000111
0100101000001010100001000011101000011000101100011111001101110011010100101010001100001001100110000001011001000111110101010101101010000000101111101011110011010000100111101000100111111111011110011000010100110100110010010010101010010111110111111000100110111000101010010010100100111001010000010000010101100011000111
0000000000000000000000000000000000000000000000000000000000000000000010000000000000000000010000000000000000000000000000000000010000000000000000000000000000001000000000000000000000000000000000000000000000001000000000000101000000000000000000000000000000000000000000000000000000000100000000000000000000000000000000
1001000000010101001100001000010000000101000010000000100000001100000001000001100011100010001001001010100110111000000010000010000000010010000000000000000000100100011000010001001000000000000000000101000001000010000101000000010000001000000000000000000000000000000000100001000010000000001100000011000010000100000000
0100101000001010110001000011101000111000101100011111001101110011010100101010001100001001100110000001011001000111110101010101101010000100101111101011110011010000100111101100100111111111011110011000010100110100110010010010101110010111110111111000100110111000101010010010100100111001010000010000010101110011000111
0100101000001010110001000011101000101000110100001101001101110011010100101010001100001000100110000000011001000101010101010101101010000100100111101011010011010000100111101100100111101110011110010010010100100100110010000000101110110111110111101000100110111000100010010010000100111001010000010000010101110001000111
1001000000010101001100001000010000000101000010000000100000001100000001000001100011100010001001001010100110111000000010000010000000010010000000000000000000100100011000010001001000000000000000000101000001000010000101000000010000001000000000000000010000000000000000100001000010000000001100000011000010000100000000
0000000000001000000000000000000000000000001000100010000000000000000000000000000000000001000000110000000001000000000100000000000000000000000100000000000000000000000000000000000000000000000000000000000000010000000000000000000000000000000100000000000000000000000000000000100000000000000000000000010000000010000001
0000000000000000000000000000000000000000000000100000000000000000000000000000000000000000000000110000000000000000000000000000000000000000000000000000000000000000000000000000000000000000000000000000000000000000000000000000000000000000000000000000000000000000000000000000000000000000000000000000000000000000000000
1001000000010101001100001000010000000101000010000000000000001100000001000001100011100010001001001010100110111000000010000010000000010010000000000000000000100100011000010001000000000000000000000101000001000010000101000000010000001000000000000000010000000000000000100001000010000000001100000011000010000100000000
0000000000000000000000000000000000000000000000000000000000000000000000000000000000000000000000000100000000000000000000000000000000000000000000000000000000000000000000000000000000000000000000000000000000000000000000000000000000000000000000000000000000000000000000000000000000000000000000000000000000000000000000
1001000000010101001100001000010000000101000010000000000000001100000001000001100011100010001001001010100110111000000010000010000000010010000000000000000000100100011000010001000000000000000000000101000001000010000101000000010000001000000000000000010000000000000000100001000010000000001100000011000010000100000000
0100101000001010100001000011101000111000101100011111001101110011010100101010001100001001100100000001011001000111110101010101101010000100101111101011110011010000100111101100100111111111011110011000010100110100110010010010101110010111110111111000100110011000101010010010100100111001010000010000010101110011000111
1001000000010101001100001000010000000101000010000000100000001100000001000001100011100010001001001010100110111000000010000010000000010010000000000000000000100100011000010001001000000000000000000101000001000010000101000000010000001000000000000000010000000000000000100001000010000000001100000011000010000100000000
0100101000001010110001000011101000111000101100011111001101110011010100101010001100001001100110000001011001000111110101010101101010000100101111101011110011010000100111101100100111111111011110011000010100110100110010010010101110010111110111111000100110111000101010010010100100111001010000010000010101110011000111
0100101000001010110001000011101000111000101100011111001101110011010100101010001100001001100110000001011001000111110101010101101010000100101111101011110011010000100111101100100111111111011110011000010100110100110010010010101110010111110111111000100110111000101010010010100100111001010000010000010101110011000111
1001000000010101001100001000010000000101000010000000100000001100000001000001100011100010001001001010100110111000000010000010000000010010000000000000000000100100011000010001001000000000000000000100000001000010000101000000010000001000000000000000010000000000000000100001000010000000001100000011000010000100000000
1001000000010101001100001000010000000101000010000000100000001100000001000001100011100010001001001010100110111000000010000010000000010010000000000000000000100100011000010001001000000000000000000101000001000010000101000000010000001000000000000000010000000000000000100001000010000000001100000011000010000100000000
0100101000001010100001000011101000111000101100011111001101110011010100101010001100001001100110100001011001000110110101010101101010000100101111101011110011010000100111101100100111111111011110011000010100110100110010010010101110010111110111111000100110111000101010010010100100111001010000010000010101110011000111
1001000000010101001100001000010000000101000010000000100000001100000001000001100011100010001001001010100110111000000010000010000000010010000000000000000000100100011000010001000000000000000000000101000001000010000101000000010000001000000000000000010000000000000000100001000010000000001100000011000010000100000000
1001000000010101001100001000010000000101000010000000100000001100000001000001100011100010001001001010100110111000000010000010000000010010000000000000000000100100011000010001001000000000000000000100000001000010000101000000010000001000000000000000010000000000000000100001000010000000001100000011000010000100000000
1001000000010101001100001000010000000101000010000000100000001100000001000001100011100010001001001010100110111000000010000010000000010010000000000000000000100100011000010001001000000000000000000101000001000010000101000000010000001000000000000000010000000000000000100001000010000000001100000011000010000100000000
0100101000001010110001000011101000111000101100011111001101110011010100101010001100001001100110000001011001000111110101010101101010000100101111101011110011010000100111101100100111111111011110011000010100110100110010010010101110010111110111111000100110111000101010010010100100111001010000010000010101110011000111
0100101000001010100001000011101000111000101100011111001101110011010100101010001100001001100100000001011001000111110101010101101010000100101111101011110011010000100111101100100111111111011110011000010100110100110010010010101110010111110111111000100110011000101010010010100100111001010000010000010101110011000111
0100101000001010110001000011001000111000011100001111001100110011000100101000001100000000100110000001011000000111110001010101101010000100100111101011010011000000100110101100100111101001011110010010010100100000110000000000100110110001110001101000100110010000100010010000000000111001010000010000010101110011000100
0100101000001010100001000011101000111000101100011111001101110011010100101010001100001001100100000001011001000111110101010101101010000100101111101011110011010000100111101100100111111111011110011000010100110100110010010010101110010111110111111000100110011000101010010010100100111001010000010000010101110011000111
0100101000001010110001000011101000111000101100011111001101110011010100101010001100001001100110000001011001000111110101010101101010000100101111101011110011010000100111101100100111111111011110011000010100110100110010010010101110010111110111111000100110111000101010010010100100111001010000010000010101110011000111
0000000011000000000010100100000000000000000000000000000010000000101000010100010000010100000000000000000000000000001000101000000100100001000000010000000000000001000000000010010000000000000001000000101000000001000000101000000001000000001000000100001000000111000001001100000000000000000001101100000000000000101000
0100101000001010100001000011101000111000101100011111001101110011010100101010001100001001100110100001011001000110110101010101101010000100101111101011110011010000100111101100100111111111011110011000010100110100110010010010101110010111110111111000100110111000101010010010100100111001010000010000010101110011000111
1001000000010101001100001000010000000101000010000000100000001100000001000001100011100010001001001010100110111000000010000010000000010010000000000000000000100100011000010001001000000000000000000101000001000010000101000000010000001000000000000000010000000000000000100001000010000000001100000011000010000100000000
0100101000001010110001000011101000111000101100011111001101110011010100101010001100001001100110000001011001000111110101010101101010000100101111101011110011010000100111101100100111111111011110011000010100110100110010010010101110010111110111111000100110111000101010010010100100111001010000010000010101110011000111
0000000011000000000010100100000000000000000000000000000010000000101000010100010000010100000000000000000000000000001000101000000100100001000000010000000000000001000000000010010000000000000001000000101000000001000000101000000001000000001000000100001000000111000001001100000000000000000001101100000000000000101000
0100101000001010110001000011101000111000101100011111001101110011010100101010001100001001100110000001011001000111110101010101101010000100101111101011110011010000100111101100100111111111011110011000010100110100110010010010101110010111110111111000100110111000101010010010100100111001010000010000010101110011000111
0000000011000000000010100100000000000000000000000000000010000000101000010100010000010100000000000000000000000000001000101000000100100001000000010000000000000001000000000010010000000000000001000000101000000001000000101000000001000000001000000100001000000111000001001100000000000000000001101100000000000000101000
0100101000001010110001000011101000111000101100011111001101110011010100101010001100001001100110000001011001000111110101010101101010000100101111101011110011010000100111101100100111111111011110011000010100110100110010010010101110010111110111111000100110111000101010010010100100111001010000010000010101110011000111
1001000000010101001100001000010000000101000010000000000000001100000001000001100011100010001001001010100110111000000010000010000000010010000000000000000000100100011000010001001000000000000000000101000001000010000101000000010000001000000000000000010000000000000000100001000010000000001100000011000010000100000000
0100101000001010110001000011101000111000101100011111001101110011010100101010001100001001100110000001011001000111110101010101101010000100101111101011110011010000100111101100100111111111011110011000010100110100110010010010101110010111110111111000100110111000101010010010100100111001010000010000010101110011000111
0100101000001010110001000011101000111000101100011111001101110011010100101010001100001001100110000001011001000111110101010101101010000100101111101011110011010000100111101100100111111111011110011000010100110100110010010010101110010111110111111000100110111000101010010010100100111001010000010000010101110011000111
0000000000000000000000000000000000000000000000000000000000000000000010000000000000000000010000000000000000000000000000000000010000000000000000000000000000001000000000000000000000000000000000000000000000001000000000000101000000000000000000000000000000000000000000000000000000000000000000000000000000000000000000
0100101000001010110001000011101000111000101100011111001101110011010100101010001100001001100110000001011001000111110101010101101010000100101111101011110011010000100111101100100111111111011110011000010100110100110010010010101110010111110111111000100110111000101010010010100100111001010000010000010101110011000111
0000000011000000000010100100000000000000000000000000000010000000101000010100010000010100000000000000000000000000001000101000000100100001000000010000000000000001000000000010010000000000000001000000101000000001000000101000000001000000001000000100001000000111000001001100000000000000000001101100000000000000101000
0100101000001010100001000011101000111000101100011111001101110011010100101010001100001001100110000001011001000111110101010101101010000100101111101011110011010000100111101100100111111111011110011000010100110100110010010010101110010111110111111000100110111000101010010010100100111001010000010000010101110011000111
0000000000000000000000000000000000000000000000000000000000000000000000000000000000000000000000000000000000000000000000000000000001000000000000000100000100000010000000000000000000000000100000100000000010000000000000000000000000000000000000000000000000000000000000000000000000000000000000000000000000000000000000
0000000011000000000010100100000000000000000000000000000010000000101000010100010000010100000000000000000000000000001000101000000100100001000000010000000000000001000000000010010000000000000001000000101000000001000000101000000001000000001000000100001000000111000001001100000000000000000001101100000000000000101000
1001000000010101001100001000010000000101000010000000100000001100000001000001100011100010001001001010100110111000000010000010000000010010000000000000000000100100011000010001001000000000000000000101000001000010000101000000010000001000000000000000010000000000000000100001000010000000001100000011000010000100000000
0000000000000000000000000000000000000000000000000000000000000000000000000000000000000000000000000000000000000000000000000000000000001000000000000000000000000000000000000000000000000000000000000000000000000000000000000000000000000000000000000000000000000000000000000000000000000000000000000000000000000000000000
0100101000001010110001000011100000111000111100011111001101110011010100101010001100001000000110000001011001000111110101010101101010000100101111101011110011010000100111101100100111111111011110011010010100110100110010010010101110110111110111111000100110111000101010010000100100111001010000010000010101110010000111
1001000000010101001100001000010000000101000010000000100000001100000001000001100011100010001001001010100110111000000010000010000000010010000000000000000000100000011000010001000000000000000000000101000001000010000101000000010000001000000000000000010000000000000000100001000010000000001100000011000010000100000000
0000000011000000000010100100000000000000000000000000000010000000101000010100010000010100000000000000000000000000001000101000000100100001000000010000000000000001000000000010010000000000000001000000101000000001000000101000000001000000001000000100001000000111000001001100000000000000000001101100000000000000101000
0100101000001010100001000011101000111000101100011111001101110011010100101010001100001001100110000001011001000111110101010101101010000100101111101011110011010000100111101100100111111111011110011000010100110100110010010010101110010111110111111000100110111000101010010010100100111001010000010000010101110011000111
0000000000100000000000000000000000000000000000000000000000000000000000000000000000000000000000000000000000000000000000000000000000000000010000000000001000000000000000000000000000000000000000000000000000000000000000000000000000000000000000000000000000000000000000000000000000000000000000000000000000000000000000
0100101000001010100001000011101000111000101100011111001101110011010100101010001100001001100100000001011001000110110101010101101010000100101011101011110011010000100111101100100111111111011110011000010100110100110010010010101110010111110111111000100110111000101010010010100100111001010000010000010101110011000111
0100101000001010110001000011101000111000101100011111001101110011010100101010001100001001100110100001011001000111110101010101101010000100100111101011110011010000100111101100100111111111011110010000010100110100110010010010101110110111110111111000100110011000101010010010100100111001010000010000010101110011000111
0100101000001010100001000011101000111000101100011111001101110011010100101010001100001001100110000001011001000111110101010101101010000100101111101011110011010000100111101100100111111111011110011000010100110100110010010010101110010111110111111000100110111000101010010010100100111001010000010000010101110011000111
0100101000001010100001000011101000111000101100011111001101110011010100101010001100001001100110000001011001000111110101010101101010000100101111101011110011010000100111101100100111111111011110011000010100110100110010010010101110010111110111111000100110111000101010010010100100111001010000010000010101110011000111
0100101000001010110001000011101000111000101100011111001101110011010100101010001100001001100110000001011001000111110101010101101010000100101111101011110011010000100111101100100111111111011110011000010100110100110010010010101110010111110111111000100110111000101010010010100100111001010000010000010101110011000111
0000000011000000000010100100000000000000000000000000000010000000101000010100010000010100000000000000000000000000001000101000000100100001000000010000000000000001000000000010010000000000000001000000101000000001000000101000000001000000001000000100001000000111000001001100000000000000000001101100000000000000101000
0100101000001010100001000011101000111000101100011111001101110011010100101010001100001001100110000001011001000111110101010101101010000100101111101011110011010000100111101100100111111111011110011000010100110100110010010010101110010111110111111000100110111000101010010010100100111001010000010000010101110011000111
0000000000000000000000000000000000000000000000000000000000000000000000000000000000000000000000000000000000000000000000000000000001000000000000000100000100000010000000000000000000000000100000000000000010000000000000000000000000000000000000000000000000000000000000000000000000000000000000000000000000000000000000
0100101000001010110001000011101000111000101100011111001101110011010100101010001100001001100110000001011001000111110101010101101010000100101111101011110011010000100111101100100111111111011110011000010100110100110010010010101110010111110111111000100110111000101010010010100100111001010000010000010101110011000111
0100101000001010110001000011101000111000101100011111001101110011010100101010001100001001100110000001011001000111110101010101101010000100101111101011110011010000100111101100100111111111011110011000010100110100110010010010101110010111110111111000100110111000101010010010100100111001010000010000010101110011000111
0100101000001010100001000011101000111000101100011111001101110011010100101010001100001001100100000001011001000110110101010101101010000100101111101011110011010000100111101100100111111111011110011000010100110100110010010010101110010111110111111000100110111000101010010010100100111001010000010000010101110011000111
0100101000001010110001000011101000111000101100011111001101110011010100101010001100001001100110000001011001000111110101010101101010000100101111101011110011010000100111101100100111111111011110011000010100110100110010010010101110010111110111111000100110111000101010010010100100111001010000010000010101110011000111
0000000000100000000000000000000000000000000000000000010000000000000000000000000000000000000000000000000000000000000000000000000000000000010000000000001000000100000000000000000000000000000000000000000000000000000000000000000000000000000000000000000000000000000000000000000000000000000000000000000000001000000000
0000000000000000000000000000000000000000000000000000000000000000000000000000000000000000000000000000000000000000000000000000000001000000000000000100000100000010000000000000000000000000100000000000000010000000000000000000000000000000000000000000000000000000000000000000000000000000000000000000000000000000000000
0100101000001010110001000011101000111000101100011111001101110011010100101010001100001001100110000001011001000111110101010101101010000100101111101011110011010000100111101100100111111111011110011000010100110100110010010010101110010111110111111000100110111000101010010010100100111001010000010000010101110011000111
0100101000001010110001000011101000111000101100011111001101110011010100101010001100001001100110000001011001000111110101010101101010000100101111101011110011010000100111101100100111111111011110011000010100110100110010010010101110010111110111111000100110111000101010010010100100111001010000010000010101110011000111
1001000000010101001100001000010000000101000010000000100000001100000001000001100011100010001001001010100110111000000010000010000000010010000000000000000000100100011000010001000000000000000000000101000001000010000101000000010000001000000000000000010000000000000000100001000010000000001100000011000010000100000000
0100101000001010100001000011101000111000101100011111001101110011010100101010001100001001100110000001011001000110110101010101101010000100101111101011110011010000100111101100100111111111011110011000010100110100110010010010101110010111110111111000100110111000101010010010100100111001010000010000010101110011000111
0000000000000000000000000000000000000000000000000000000000000000000010000000000000000000010000000000000000000000000000000000010000000000000000000000000000001000000000000000000000000000000000000000000000001000000000000101000000000000000000000000000000000000000000000000000000000000000000000000000000000000000000
1001000000110101001100000000000000000101000010000000010000001100000001000001100011100010001001001010100110111000000010000010000000010000000000000000001000100100011000000001001000000000000000000101000001000000000101000000010000001000000000000000010000000000000000100001000010000000001100000011000010001100000000
0000000000000000000000000000000000000000000000000000000000000000000000000000000000000000000000000000000000000000000000000000000001000000000000000100000100000010000000000000000000000000100000100000000010000000000000000000000000000000000000000000000000000000000000000000000000000000000000000000000000000000000000
0000000011000000000010100100000000000000000000000000000010000000101000010100010000010100000000000000000000000000001000101000000100100001000000010000000000000001000000000010010000000000000001000000101000000001000000101000000001000000001000000100001000000111000001001100000000000000000001101100000000000000101000
0100101000001010110001000011101000111000101100011111001101110011010100101010001100001001100110000001011001000111110101010101101010000100101111101011110011010000100111101100100111111111011110011000010100110100110010010010101110010111110111111000100110011000101010010010100100111001010000010000010101110011000111
1001000000010101001100001000010000000101000010000000000000001100000001000001100011100010001001001010100110111000000010000010000000010010000000000000000000100100011000010001001000000000000000000101000001000010000101000000010000001000000000000000010000000000000000100001000010000000001100000011000010000100000000
1001000000010101001100001000010000000101000010000000100000001100000001000001100011100010001001001010100110111000000010000010000000010010000000000000000000100100011000010001001000000000000000000101000001000010000101000000010000001000000000000000010000000000000000100001000010000000001100000011000010000100000000
0100101000001010110001000011101000111000101100011111001101110011010100101010001100001001100110000001011001000111110101010101101010000100101111101011110011010000100111101100100111111111011110011000010100110100110010010010101110010111110111111000100110111000101010010010100100111001010000010000010101110011000111
0100101000001010110001000011101000111000101100011111001101110011010100101010001100001001100110000001011001000111110101010101101010000100101111101011110011010000100111101100100111111111011110011000010100110100110010010010101110010111110111111000100110111000101010010010100100111001010000010000010101110011000111
0100101000001010100001000011101000111000101100011111001101110011010100101010001100001001100110000001011001000110110101010101101010000100101111101011110011010000100111101100100111111111011110011000010100110100110010010010101110010111110111111000100110111000101010010010100100111001010000010000010101110011000111
0100101000001010110001000011101000111000101100011111001101110011010100101010001100001001100110000001011001000111110101010101101010000100101111101011110011010000100111101100100111111111011110011000010100110100110010010010101110010111110111111000100110111000101010010010100100111001010000010000010101110011000111
1001000000010101001100001000010000000101000010000000100000001100000001000001100011100010001001001010100110111000000010000010000000010010000000000000000000100000011000010001001000000000000000000101000001000010000101000000010000001000000000000000010000000000000000100001000010000000001100000011000010000100000000
0100101000001010100001000011101000111000101100011111001101110011010100101010001100001001100110000001011001000111110101010101101010000100101111101011110011010000100111101100100111111111011110011000010100110100110010010010101110010111110111111000100110111000101010010010100100111001010000010000010101110011000111
0100101000001010110001000011100000111000111100011111001101110011010100101010001100001001000110000001011001000111110101010101101010000100101111101011110011010000100111101100100111111111011110010010010100110100110010010010101110110111110111111000100110111000101010010010100100111001010000010000010101110011000111
0000000011000000000010100100000000000000000000000000000010000000101000010100010000010100000000000000000000000000001000101000000100100001000000010000000000000001000000000010010000000000000001000000101000000001000000101000000001000000001000000100001000000111000001001100000000000000000001101100000000000000101000
1001000000010101001100001000010000000101000010000000000000001100000001000001100011100010001001001010100110111000000010000010000000010010000000000000000000100100011000010001001000000000000000000101000001000010000101000000010000001000000000000000010000000000000000100001000010000000001100000011000010000100000000
0100101000001010110001000011101000111000101100011111001101110011010100101010001100001001100110000001011001000111110101010101101010000100101111101011110011010000100111101100100111111111011110011000010100110100110010010010101110010111110111111000100110111000101010010010100100111001010000010000010101110011000111
0000000011000000000010100100000000000000000000000000000010000000101000010100010000010100000000000000000000000000001000101000000100100001000000010000000000000001000000000010010000000000000001000000101000000001000000101000000001000000001000000100001000000111000001001100000000000000000001101100000000000000101000
1001000000000001001000001000010000000001000000000000100000000000000001000001100011000010001001000000100110011000000010000010000000010000000000000000000000000100011000010001001000000000000000000100000001000010000101000000000000001000000000000000010000000000000000100001000010000000000000000000000010000000000000
0100101000001010110001000011101000111000101100011111001101110011010100101010001100001001100110000001011001000111110101010101101010000100101111101011110011010000100111101100100111111111011110011000010100110100110010010010101110010111110111111000100110111000101010010010100100111001010000010000010101110011000111
0100101000001010110001000011101000111000111100011111001101110011010100101010001100001001100110000001011001000111110101010101101010000100101111101011110011010000100111101100100111111111011110011000010100110100110010010010101110110111110111111000100110111000101010010010100100111001010000010000010101110011000111
0100101000001010100001000011101000111000101100011111001101110011010100101010001100001001100110000001011001000111110101010101101010000100101111101011110011010000100111101100100111111111011110011000010100110100110010010010101110010111110111111000100110111000101010010010100100111001010000010000010101110011000111
0100101000001010110001000011101000111000101100011111001101110011010100101010001100001001100110000001011001000111110101010101101010000100101111101011110011010000100111101100100111111111011110011000010100110100110010010010101110010111110111111000100110111000101010010010100100111001010000010000010101110011000111
0100101000001010100001000011101000111000101100011111001101110011010100101010001100001001100100000001011001000110110101010101101010000100101111101011110011010000100111101100100111111111011110011000010100110100110010010010101110010111110111111000100110111000101010010010100100111001010000010000010101110011000111
0100101000001010110001000011100000111000111100011111001101110011010100101010001100001001100110000001011001000111110101010101101010000100101111101011110011010000100111101100100111111111011110011010010100110100110010010010101110110111110111111000100110111000101010010010100100111001010000010000010101110011000111
0100101000001010100001000011101000111000101100011111001101110011010100101010001100001001100110000001011001000110110101010101101010000100101111101011110011010000100111101100100111111111011110011000010100110100110010010010101110010111110111111000100110111000101010010010100100111001010000010000010101110011000111
0100101000001010100001000011101000111000101100011111001101110011010100101010001100001001100110000001011001000110110101010101101010000100101111101011110011010000100111101100100111111111011110011000010100110100110010010010101110010111110111111000100110111000101010010010100100111001010000010000010101110011000111
0100101000001010100001000011101000111000101100011111001101110011010100101010001100001001100100000001011001000111110101010101101010000100101111101011110011010000100111101100100111111111011110011000010100110100110010010010101110010111110111111000100110111000101010010010100100111001010000010000010101110011000111
0000000000000000000000000000000000000000000000000000000000000000000000000000000000000000000000000000000000000000000000000000000001000000000000000100000100000010000000000000000000000000100000100000000010000000000000000000000000000000000000000000000000000000000000000000000000000000000000000000000000000000000000
0100101000001010110001000011101000111000111100011111001101110011010100101010001100001001100110000001011001000111110101010101101010000100101111101011110011010000100111101100100111111111011110011000010100110100110010010010101110110111110111111000100110111000101010010010100100111001010000010000010101110011000111
0100101000001010100001000011101000111000101100011111001101110011010100101010001100001001100110000001011001000111110101010101101010000100101111101011110011010000100111101100100111111111011110011000010100110100110010010010101110010111110111111000100110111000101010010010100100111001010000010000010101110011000111
0100101000001010110001000011101000111000111100011111001101110011010100101010001100001001100110000001011001000111110101010101101010000100101111101011110011010000100111101100100111111111011110011000010100110100110010010010101110110111110111111000100110111000101010010010100100111001010000010000010101110011000111
0100101000001010110001000011101000111000101100011111001101110011010100101010001100001001100110000001011001000111110101010101101010000100101111101011110011010000100111101100100111111111011110011000010100110100110010010010101110010111110111111000100110111000101010010010100100111001010000010000010101110011000111
0000000011000000000010100100000000000000000000000000000010000000101000010100010000010100000000000000000000000000001000101000000100100001000000010000000000000001000000000010010000000000000001000000101000000001000000101000000001000000001000000100001000000111000001001100000000000000000001101100000000000000101000
0000000000000000000000000000000000000000000000000000000000000000000000000000000000000000000000000000000000000000000000000000000001000000000000000000000000000010000000000000000000000000100000100000000010000000000000000000000000000000000000000000000000000000000000000000000000000000000000000000000000000000000000
0100101000001010100001000011101000111000101100011111001101110011010100101010001100001001100110000001011001000111110101010101101010000100101111101011110011010000100111101100100111111111011110011000010100110100110010010010101110010111110111111000100110111000101010010010100100111001010000010000010101110011000111
0100101000001010100001000011101000111000101100011111001101110011010100101010001100001001100100000001011001000110110101010101101010000100101011101011110011010000100111101000100111111111011110011000010100110100110010010010101110010111110111111000100110111000101010010010100100111001010000010000010101110011000111
1001000000010101001100001000010000000101000010000000100000001100000001000001100011100010001001001010100110111000000010000010000000010010000000000000000000100100011000010001001000000000000000000101000001000010000101000000010000001000000000000000010000000000000000100001000010000000001100000011000010000100000000
0000000000000000010000000000000000000000010000000000000000000000000000000000000000000000000010000000000000000001000000000000000000000100000000000000000000000000000000000100000000001000000000000010000000000000000000000000000100100000000000000000000000000000000000000000000000000000000000000000000000010000000000
1001000000010101001100000000000000000101000010000000000000001100000001000001100011100010001001001010100010101000000010000010000000010010000000000000000000100100011000010001000000000000000000000101000001000010000101000000010000001000000000000000010000000000000000100001000010000000001100000011000010000100000000
0000000011000000000010100100000000000000000000000000000010000000101000010100010000010100000000000000000000000000001000101000000100100001000000010000000000000001000000000010010000000000000001000000101000000001000000101000000001000000001000000100001000000111000001001100000000000000000001101100000000000000101000
0100101000001010100001000011101000111000101100011111001101110011010100101010001100001001100110000001011001000111110101010101101010000100101111101011110011010000100111101100100111111111011110011000010100110100110010010010101110010111110111111000100110111000101010010010100100111001010000010000010101110011000111
0000000011000000000010100100000000000000000000000000000010000000101000010100010000010100000000000000000000000000001000101000000100100001000000010000000000000001000000000010010000000000000001000000101000000001000000101000000001000000001000000100001000000111000001001100000000000000000001101100000000000000101000
0100101000001010110001000011101000111000101100011111001101110011010100101010001100001001100110000001011001000111110101010101101010000100101111101011110011010000100111101100100111111111011110011000010100110100110010010010101110010111110111111000100110111000101010010010100100111001010000010000010101110011000111
0000000000000000000000000000000000000000000000000000000000000000000000000000000000000000000000000000000000000000000000000000000001000000000000000100000100000010000000000000000000000000100000100000000010000000000000000000000000000000000000000000000000000000000000000000000000000000000000000000000000000000000000
1001000000010101001100001000010000000101000010000000100000001100000001000001100011100010001001001010100110111000000010000010000000010010000000000000000000100100011000010001001000000000000000000101000001000010000101000000010000001000000000000000010000000000000000100001000010000000001100000011000010000100000000
0100101000001010110001000011101000111000101100011111001101110011010100101010001100001001100110000001011001000111110101010101101010000100101111101011110011010000100111101100100111111111011110011000010100110100110010010010101110010111110111111000100110111000101010010010100100111001010000010000010101110011000111
0100101000001010100001000011101000111000101100111111001101110011010100101010001100001001100100100001011001000110110101010101101010000100101111101011110011010000100111101100100111111111011110011000010100110100110010010010101110010111110111111000100110011000101010010010100100111001010000010000010101110011000111
0000000000000000000000000000000000000000000000000000000000000000000010000000000000000000010000000000000000000000000000000000010000000000000000000000000000001000000000000000000000000000000000000000000000001000000000000101000000000000000000000000000000000000000000000000000000000100000000000000000000000000000000
0100101000001010100001000011101000111000101100011111001101110011010100101010001100001001100110000001011001000110110101010101101010000100101111101011110011010000100111101100100111111111011110011000010100110100110010010010101110010111110111111000100110111000101010010010100100111001010000010000010101110011000111
1001000000010101001100001000010000000101000010000000100000001100000001000001100011100010001001001010100110111000000010000010000000010010000000000000000000100000011000010001001000000000000000000101000001000010000101000000010000001000000000000000010000000000000000100001000010000000001100000001000010000100000000
0000000011000000000010100100000000000000000000000000000010000000101000010100010000010100000000000000000000000000001000101000000100100001000000010000000000000001000000000010010000000000000001000000101000000001000000101000000001000000001000000100001000000111000001001100000000000000000001101100000000000000101000
0100101000001010110001000011101000111000101100011111001101110011010100101010001100001001100110000001011001000111110101010101101010000100101111101011110011010000100111101100100111111111011110011000010100110100110010010010101110010111110111111000100110111000101010010010100100111001010000010000010101110011000111
0100101000001010110001000011101000111000101100011111001101110011010100101010001100001001100110000001011001000111110101010101101010000100101111101011110011010000100111101100100111111111011110011000010100110100110010010010101110010111110111111000100110111000101010010010100100111001010000010000010101110011000111
0000000000000000000000000000000000000000000000000000000000000000000000000000000000000000000000000000000000000000000000000000000000000000000000000000000000000000000000000000000000000000000000000000000000000000001000000000000000000000000000000000000000000000000000000000000000000000000000000000000000000000000000
1001000000010101001100001000010000000101000010000000100000001100000001000001100011100010001001001010100110111000000010000010000000010010000000000000000000100100011000010001001000000000000000000101000001000010000101000000010000001000000000000000010000000000000000100001000010000000001100000011000010000100000000
0100101000001010100001000011101000111000101100011111001101110011010100101010001100001001100110000001011001000110110101010101101010000100101111101011110011010000100111101100100111111111011110011000010100110100110010010010101110010111110111111000100110111000101010010010100100111001010000010000010101110011000111
1001000000010101001100001000010000000101000010000000100000001100000001000001100011100010001001001010100110111000000010000010000000010010000000000000000000100100011000010001001000000000000000000101000001000010000101000000010000001000000000000000010000000000000000100001000010000000001100000011000010000100000000
0000000011000000000010100100000000000000000000000000000010000000101000010100010000010100000000000000000000000000001000101000000100100001000000010000000000000001000000000010010000000000000001000000101000000001000000101000000001000000001000000100001000000111000001001100000000000000000001101100000000000000101000
0100101000001010100001000011101000111000101100011111001101110011010100101010001100001001100100000001011001000110110101010101101010000100101111101011110011010000100111101100100111111111011110011000010100110100110010010010101110010111110111111000100110111000101010010010100100111001010000010000010101110011000111
0000000011000000000010100100000000000000000000000000000010000000101000010100010000010100000000000000000000000000001000101000000100100001000000010000000000000001000000000010010000000000000001000000101000000001000000101000000001000000001000000100001000000111000001001100000000000000000001101100000000000000101000
0000000000000000000000000000000000000000000000000000000000000000000010000000000000000000010000000000000000000000000000000000010000000000000000000000000000001000000000000000000000000000000000000000000000001000000000000101000000000000000000000000000000000000000000000000000000000100000000000000000000000000000000
0100101000001010100001000011101000111000101100011111001101110011010100101010001100001001100100000001011001000110110101010101101010000100101111101011110011010000100111101100100111111111011110011000010100110100110010010010101110010111110111111000100110011000101010010010100100111001010000010000010101110011000111
0000000000000000000000000000000000000000000000000000000000000000000010000000000000000000010000000000000000000000000000000000010000000000000000000000000000001000000000000000000000000000000000000000000000001000000000000101000000000000000000000000000000000000000000000000000000000000000000000000000000000000000000
0100101000001010110001000011101000111000101100011111001101110011010100101010001100001001100110000001011001000111110101010101101010000100101111101011110011010000100111101100100111111111011110011000010100110100110010010010101110010111110111111000100110111000101010010010100100111001010000010000010101110011000111
1001000000010101001100001000010000000101000010000000000000001100000001000001100011100010001001001010100110111000000010000010000000010010000000000000000000100100011000010001000000000000000000000101000001000010000101000000010000001000000000000000010000000000000000100001000010000000001100000011000010000100000000
0100101000001010100001000011101000111000101100011111001101110011010100101010001100001001100110000001011001000110110101010101101010000100101111101011110011010000100111101100100111111111011110011000010100110100110010010010101110010111110111111000100110111000101010010010100100111001010000010000010101110011000111
0100101000001010110001000011100000111000111100011111001101110011010100101010001100001001000110000001011001000111110101010101101010000100101111101011110011010000100111101100100111111111011110011010010100110100110010010010101110110111110111111000100110111000101010010000100100111001010000010000010101110011000111
0100101000001010110001000011101000111000101100011111001101110011010100101010001100001001100110000001011001000111110101010101101010000100101111101011110011010000100111101100100111111111011110011000010100110100110010010010101110010111110111111000100110111000101010010010100100111001010000010000010101110011000111
0000000011000000000010100100000000000000000000000000000010000000101000010100010000010100000000000000000000000000001000101000000100100001000000010000000000000001000000000010010000000000000001000000101000000001000000101000000001000000001000000100001000000111000001001100000000000000000001101100000000000000101000
0000100000000000010001000010000000101000010000001000000000010000000000000000000000000000000010000000000000000001000000000000000000000100000100000000000000000000000000000100000010001000010100000010000000000000000000000000000100110000000000000000000000000000100010010000000000110000000000000000000101010000000000
0100101000001010100001000011101000111000101100011111001101110011010100101010001100001001100110000001011001000111110101010101101010000100101111101011110011010000100111101100100111111111011110011000010100110100110010010010101110110111110111111000100110111000101010010010100100111001010000010000010101110011000111
1001000000010101001100001000010000000101000010000000100000001100000001000001100011100010001001001010100110111000000010000010000000010010000000000000000000100100011000010001001000000000000000000101000001000010000101000000010000001000000000000000010000000000000000100001000010000000001100000011000010000100000000
0100101000001010100001000011101000111000101100011111001101110011010100101010001100001001100110000001011001000110110101010101101010000100101111101011110011010000100111101100100111111111011110011000010100110100110010010010101110010111110111111000100110111000101010010010100100111001010000010000010101110011000111
0100101000001010100001000011101000111000101100011111001101110011010100101010001100001001100110000001011001000110110101010101101010000100101111101011110011010000100111101100100111111111011110011000010100110100110010010010101110010111110111111000100110111000101010010010100100111001010000010000010101110011000111
0100101000001010110001000011101000111000101100011111001101110011010100101010001100001001100110000001011001000111110101010101101010000100101111101011110011010000100111101100100111111111011110011000010100110100110010010010101110010111110111111000100110111000101010010010100100111001010000010000010101110011000111
0100101000001010100001000011101000111000101100011111001101110011010100101010001100001001100110000001011001000111110101010101101010000100101111101011110011010000100111101100100111111111011110011000010100110100110010010010101110010111110111111000100110111000101010010010100100111001010000010000010101110011000111
0100101000001010110001000011101000111000101100011111001101110011010100101010001100001001100110000001011001000111110101010101101010000100101111101011110011010000100111101100100111111111011110011000010100110100110010010010101110010111110111111000100110111000101010010010100100111001010000010000010101110011000111
0000000011000000000010100100000000000000000000000000000010000000101000010100010000010100000000000000000000000000001000101000000100100001000000010000000000000001000000000010010000000000000001000000101000000001000000101000000001000000001000000100001000000111000001001100000000000000000001101100000000000000101000
0100101000001010100001000011101000111000101100111111001101110011010100101010001100001001100110100001011001000110110101010101101010000100101111101011110011010000100111101100100111111111011110011000010100110100110010010010101110010111110111111000100110111000101010010010100100111001010000010000010101110011000111
0100101000001010100001000011101000111000101100011111001101110011010100101010001100001001100110000001011001000110110101010101101010000100101111101011110011010000100111101100100111111111011110011000010100110100110010010010101110010111110111111000100110111000101010010010100100111001010000010000010101110011000111
0100101000001010100001000011101000111000101100011111001101110011010100101010001100001001100110000001011001000111110101010101101010000100101111101011110011010000100111101100100111111111011110011000010100110100110010010010101110010111110111111000100110111000101010010010100100111001010000010000010101110011000111
0100101000001010110001000011101000111000101100011111001101110011010100101010001100001001100110000001011001000111110101010101101010000100101111101011110011010000100111101100100111111111011110011000010100110100110010010010101110010111110111111000100110111000101010010010100100111001010000010000010101110011000111
0100101000001010100001000011101000111000101100011111001101110011010100101010001100001001100100000001011001000110110101010101101010000100101111101011110011010000100111101100100111111111011110011000010100110100110010010010101110010111110111111000100110011000101010010010100100111001010000010000010101110011000111
0100101000001010110001000011101000111000101100011111001101110011010100101010001100001001100110000001011001000111110101010101101010000100101111101011110011010000100111101100100111111111011110011000010100110100110010010010101110010111110111111000100110111000101010010010100100111001010000010000010101110011000111
0000000011000000000010100100000000000000000000000000000010000000101000010100010000010100000000000000000000000000001000101000000100100001000000010000000000000001000000000010010000000000000001000000101000000001000000101000000001000000001000000100001000000111000001001100000000000000000001101100000000000000101000
0010010000000000000000010000000111000000000001000000000000000000000000000000000000000000000000000000000000000000000000000000000000000000000000000000000000000000000000000000000000000000000000000000000000000000000000000000000000000000000000000010000001000000010000000000011001000010000010000000100000000000000000
0000000000100000000000000000000000000000000000000000000000000000000000000000000000000000000000000000000000000000000000000000000000000000000000000000000000000000000000000000000000000000000000000000000000000000000000000000000000000000000000000001000000000000000000000000000000000000000000000000000000001000000000
0100101000001010110001000011101000111000101100011111001101110011010100101010001100001001100110000001011001000111110101010101101010000100101111101011110011010000100111101100100111111111011110011000010100110100110010010010101110010111110111111000100110111000101010010010100100111001010000010000010101110011000111
1001000000010001001100001000000000000101000010000000100000001100000001000000100001100010000001001010100110111000000010000010000000010010000000000000000000100100011000010001001000000000000000000101000001000010000101000000010000001000000000000000010000000000000000100001000010000000001000000001000010000100000000
0000000011000000000010100100000000000000000000000000000010000000101000010100010000000100000000000000000000000000001000101000000100100001000000010000000000000001000000000010010000000000000001000000101000000001000000101000000001000000001000000100001000000111000001001100000000000000000001101100000000000000101000
0100101000001010110001000011101000111000101100011111001101110011010100101010001100001001100110000001011001000111110101010101101010000100101111101011110011010000100111101100100111111111011110011000010100110100110010010010101110010111110111111000100110111000101010010010100100111001010000010000010101110011000111
0100101000001010110001000011101000111000101100011111001101110011010100101010001100001001100110000001011001000111110101010101101010000100101111101011110011010000100111101100100111111111011110011000010100110100110010010010101110010111110111111000100110111000101010010010100100111001010000010000010101110011000111
0010010000000000000000010000000111000000000001000000000000000000000000000000000000000000000000000000000000000000000000000000000000000000000000000000000000000000000000000000000000000000000000000000000000000000000000000000000000000000000000000010000001000000010000000000011001000010000010000000100000000000000000
0100101000000010100001000011100000001000100100011111001101110011010100101010001100001000100110000000011001000100010101010101101010000100101011101011110011010000000111101100100111111111011110011000010100100100110010010000101110010111110111101000100110111000101010010010100100111001010000010000010101110001000110
0100101000001010110001000011101000111000101100011111001101110011010100101010001100001001100110000001011001000111110101010101101010000100101111101011110011010000100111101100100111111111011110011000010100110100110010010010101110010111110111111000100110111000101010010010100100111001010000010000010101110011000111
0100101000001010100001000011101000111000101100011111001101110011010100101010001100001001100110000001011001000110110101010101101010000100101111101011110011010000100111101100100111111111011110011000010100110100110010010010101110010111110111111000100110111000101010010010100100111001010000010000010101110011000111
0000000011000000000010100100000000000000000000000000000010000000101000010100010000010100000000000000000000000000001000101000000100100001000000010000000000000001000000000010010000000000000001000000101000000001000000101000000001000000001000000100001000000111000001001100000000000000000001101100000000000000101000
0000000011000000000010100100000000000000000000000000000010000000101000010100010000010100000000000000000000000000001000101000000100100001000000010000000000000001000000000010010000000000000001000000101000000001000000101000000001000000001000000100001000000111000001001100000000000000000001101100000000000000101000
0000000011000000000010100100000000000000000000000000000010000000101000010100010000010100000000000000000000000000001000101000000100100001000000010000000000000001000000000010010000000000000001000000101000000001000000101000000001000000001000000100001000000111000001001100000000000000000001101100000000000000101000
0100101000001010110001000011101000111000111100011111001101110011010100101010001100001001100110000001011001000111110101010101101010000100101111101011110011010000100111101100100111111111011110011000010100110100110010010010101110110111110111111000100110111000101010010010100100111001010000010000010101110011000111
0010010000000000000000010000000111000000000001000000000000000000000000000000000000000000000000000000000000000000000000000000000000000000000000000000000000000000000000000000000000000000000000000000000000000000000000000000000000000000000000000010000001000000010000000000011001000010000010000000100000000000000000
0100101000001010100001000011101000111000101100011111001101110011010100101010001100001001100100000001011001000110110101010101101010000100101111101011110011010000100111101100100111111111011110011000010100110100110010010010101110010111110111111000100110111000101010010010100100111001010000010000010101110011000111
0000000000000000000000000000000000000000000000000000000000000000000000000000000000000000000000000000000000000000000000000000000000000000000000000000000000000000000000000000000000000000000000000000000000000000000000000000000000000000000000000000000000000000000100000000000000000000000000000000000000000000000000
0100101000001010100001000011101000111000111100011111001101110011010100101010001100001001100110000001011001000111110101010101101010000100101111101011110011010000100111101100100111111111011110011000010100110100110010010010101110110111110111111000100110111000101010010010100100111001010000010000010101110011000111
0000000011000000000010100100000000000000000000000000000010000000101000010100010000010100000000000000000000000000001000101000000100100001000000010000000000000001000000000010010000000000000001000000101000000001000000101000000001000000001000000100001000000111000001001100000000000000000001101100000000000000101000
1001000000010101001100001000010000000101000010000000100000001100000001000001100011100010001001001010100110111000000010000010000000010010000000000000000000100100011000010001001000000000000000000101000001000010000101000000010000001000000000000000010000000000000000100001000010000000001100000011000010000100000000
0100101000001010110001000011101000111000111100011111001101110011010100101010001100001001100110000001011001000111110101010101101010000100101111101011110011010000100111101100100111111111011110011000010100110100110010010010101110110111110111111000100110111000101010010010100100111001010000010000010101110011000111
0000000011000000000010100100000000000000000000000000000010000000101000010100010000010100000000000000000000000000001000101000000100100001000000010000000000000001000000000010010000000000000001000000101000000001000000101000000001000000001000000100001000000111000001001100000000000000000001101100000000000000101000
0000000011000000000010100100000000000000000000000000000010000000101000010100010000010100000000000000000000000000001000101000000100100001000000010000000000000001000000000010010000000000000001000000101000000001000000101000000001000000001000000100001000000111000001001100000000000000000001101100000000000000101000
0100101000001010100001000011101000011000101100011111001101100011010100101010001100001001100110000001011001000110110101010101101010000000101111101011110011010000100111101100100111111111011110011000010100110100110010010010101010010111110111111000100110111000101010010010100100111001010000010000010101100011000111
1001000000010101001100001000000000000101000010000000100000001100000001000001100011100010001001001010100110111000000010000010000000010010000000000000000000100100011000010001001000000000000000000101000001000010000101000000010000001000000000000000010000000000000000100001000010000000001100000011000010000100000000
0100101000001010100001000011101000111000101100011111001101110011010100101010001100001001100100100001011001000110110101010101101010000100101111101011110011010000100111101100100111111111011110011000010100110100110010010010101110010111110111111000100110111000101010010010100100111001010000010000010101110011000111
0010010000000000000000010000000111000000000001000000000000000000000000000000000000000000000000000000000000000000000000000000000000000000000000000000000000000000000000000000000000000000000000000000000000000000000000000000000000000000000000000010000001000000010000000000011001000010000010000000100000000000000000
0010010000000000000000010000000111000000000001000000000000000000000000000000000000000000000000000000000000000000000000000000000000000000000000000000000000000000000000000000000000000000000000000000000000000000000000000000000000000000000000000010000001000000010000000000011001000010000010000000100000000000000000
0100101000001010100001000011101000111000101100011111001101110011010100101010001100001001100110000001011001000110110101010101101010000100101111101011110011010000100111101100100111111111011110011000010100110100110010010010101110010111110111111000100110111000101010010010100100111001010000010000010101110011000111
1001000000010101001100001000010000000101000010000000100000001100000001000001100011100010001001001010100110111000000010000010000000010010000000000000000000100100011000010001001000000000000000000101000001000010000101000000010000001000000000000000010000000000000000100001000010000000001100000011000010000100000000
0010010000000000000000010000000111000000000001000000000000000000000000000000000000000000000000000000000000000000000000000000000000000000000000000000000000000000000000000000000000000000000000000000000000000000000000000000000000000000000000000010000001000000010000000000011001000010000010000000100000000000000000
0100101000001010110001000011101000111000111100011111001101110011010100101010001100001001100110000001011001000111110101010101101010000100101111101011110011010000100111101100100111111111011110011000010100110100110010010010101110110111110111111000100110111000101010010010100100111001010000010000010101110011000111
0100101000001010110001000011101000111000111100011111001101110011010100101010001100001001100110000001011001000111110101010101101010000100101111101011110011010000100111101100100111111111011110011000010100110100110010010010101110110111110111111000100110111000101010010010100100111001010000010000010101110011000111
0100101000001010110001000011101000111000101100011111001101110011010100101010001100001001100110000001011001000111110101010101101010000100101111101011110011010000100111101100100111111111011110011000010100110100110010010010101110010111110111111000100110111000101010010010100100111001010000010000010101110011000111
0000000000000000000000000000000000000000000000000000000000000000000010000000000000000000010000000000000000000000000000000000000000000000000000000000000000000000000000000000000000000000000000000000000000001000000000000100000000000000000000000000000000000000000000000000000000000100000000000000000000000000000000
0010010000000000000000010000000111000000000001000000000000000000000000000000000000000000000000000000000000000000000000000000000000000000000000000000000000000000000000000000000000000000000000000000000000000000000000000000000000000000000000000010000001000000010000000000011001000010000010000000100000000000000000
0100101000001010110001000011101000111000101100011111001101110011010100101010001100001001100110000001011001000111110101010101101010000100101111101011110011010000100111101100100111111111011110011000010100110100110010010010101110010111110111111000100110111000101010010010100100111001010000010000010101110011000111
0000000000000000000000000000000000000000000000000000000000000000000000000000000000000000000000000000000000000000000000000000000000000000000000000000000000000000000000000000000000000000000000000000000000000000000000000000000000000000000000000000000000000000000000000000000000000000100000000000000000000000000000
0100101000001010110001000011101000111000101100011111001101110011010100101010001100001001100110000001011001000111110101010101101010000100101111101011110011010000100111101100100111111111011110011000010100110100110010010010101110010111110111111000100110111000101010010010100100111001010000010000010101110011000111
1001000000010101001100001000010000000101000010000000100000001100000001000001100011100010001001001010100110111000000010000010000000010010000000000000000000100100011000010001000000000000000000000101000001000010000101000000010000001000000000000000010000000000000000100001000010000000001100000011000010000100000000
1001000000010101001100001000010000000101000010000000100000001100000001000001100011100010001001001010100110111000000010000010000000010010000000000000000000100100011000010001000000000000000000000101000001000010000101000000010000001000000000000000000000000000000000100001000010000000001100000011000010000100000000
0010010000000000000000010000000111000000000001000000000000000000000000000000000000000000000000000000000000000000000000000000000000000000000000000000000000000000000000000000000000000000000000000000000000000000000000000000000000000000000000000010000001000000010000000000011001000010000010000000100000000000000000
0000000011000000000010100100000000000000000000000000000010000000101000010100010000010100000000000000000000000000001000101000000100100001000000010000000000000001000000000010010000000000000001000000101000000001000000101000000001000000001000000100001000000111000001001100000000000000000001101100000000000000101000
0000000011000000000010100100000000000000000000000000000010000000101000010100010000010100000000000000000000000000001000101000000100100001000000010000000000000001000000000010010000000000000001000000101000000001000000101000000001000000001000000100001000000111000001001100000000000000000001101100000000000000101000
0100101000001010100001000011101000111000101100011111001101110011010100101010001100001001100110000001011001000111110101010101101010000100101111101011110011010000100111101100100111111111011110011000010100110100110010010010101110010111110111111000100110111000101010010010100100111001010000010000010101110011000111
0000000011000000000010100100000000000000000000000000000010000000101000010100010000010100000000000000000000000000001000101000000100100001000000010000000000000001000000000010010000000000000001000000101000000001000000101000000001000000001000000100001000000111000001001100000000000000000001101100000000000000101000
0000000011000000000010100100000000000000000000000000000010000000101000010100010000010100000000000000000000000000001000101000000100100001000000010000000000000001000000000010010000000000000001000000101000000001000000101000000001000000001000000100001000000111000001001100000000000000000001101100000000000000101000
1001000000010101001100001000010000000101000010000000000000001100000001000001100011100010001001001010100110111000000010000010000000010010000000000000000000100100011000010001000000000000000000000101000001000000000101000000010000001000000000000000000000000000000000100001000010000000001100000011000010000100000000
1001000000010101001100001000000000000101000010000000100000001100000001000001100011100010001001001010100110111000000010000010000000010010000000000000000000100100011000010001000000000000000000000101000001000010000101000000010000001000000000000000010000000000000000100001000010000000001100000011000010000100000000
0010010000000000000000010000000111000000000001000000000000000000000000000000000000000000000000000000000000000000000000000000000000000000000000000000000000000000000000000000000000000000000000000000000000000000000000000000000000000000000000000010000001000000010000000000011001000010000010000000100000000000000000
0100101000001010110001000011101000111000101100011111001101110011010100101010001100001001100110100001011001000111110101010101101010000100101111101011110011010000100111101100100111111111011110011000010100110100110010010010101110010111110111111000100110111000101010010010100100111001010000010000010101110011000111
0000000000000000000000000000000000000000000000000000000000000000000000000000000000000000000000000000000000000000000000000000000000000000000000000000000000000000000000000000000000000000000000000000000000000000000000000000000000000000000000000000000000000000000000000000000000000000000000000000001000000000000000
0100101000001010110001000011101000111000111100011111001101110011010100101010001100001001100110000001011001000111110101010101101010000100101111101011110011010000100111101100100111111111011110011000010100110100110010010010101110110111110111111000100110111000101010010010100100111001010000010000010101110011000111
1001000000010101001100001000010000000101000010000000100000001100000001000001100011100010001001001010100110111000000010000010000000010010000000000000000000100100011000010001001000000000000000000101000001000010000101000000010000001000000000000000010000000000000000100001000010000000001100000011000010000100000000
0100101000001010110001000011101000111000111100011111001101110011010100101010001100001001100110000001011001000111110101010101101010000100101111101011110011010000100111101100100111111111011110011000010100110100110010010010101110110111110111111000100110111000101010010010100100111001010000010000010101110011000111
0100101000001010110001000011101000111000101100011111001101110011010100101010001100001001100110000001011001000111110101010101101010000100101111101011110011010000100111101100100111111111011110011000010100110100110010010010101110010111110111111000100110111000101010010010100100111001010000010000010101110011000111
0100101000001010110001000011100000111000111100011111001101110011010100101010001100001001000110000001011001000111110101010101101010000100101111101011110011010000100111101100100111111111011110011010010100110100110010010010101110110111110111111000100110111000101010010000100100111001010000010000010101110011000111
0000000000100000000000000000000000000000000000000000010000000000000000000000000000000000000000000000000000000000000000000000000000000000000000000000001000000100000000000000000000000000000000000000000000000000000000000000000000000000000000000001000000000000000000000000000000000000000000000000000000001000000000
1001000000010101001100001000010000000101000010000000100000001100000001000001100011100010001001001010100110111000000010000010000000010010000000000000000000100100011000010001000000000000000000000101000001000010000101000000010000001000000000000000010000000000000000100001000010000000001100000011000010000100000000
0100101000001010100001000011101000111000101100011111001101110011010100101010001100001001100100100001011001000111110101010101101010000100101111101011110011010000100111101100100111111111011110011000010100110100110010010010101110010111110111111000100110011000101010010010100100111001010000010000010101110011000111
0100101000001010100001000011101000111000101100011111001101110011010100101010001100001001100110000001011001000111110101010101101010000000101111101011110011010000100111101100100111111111011110011000010100110100110010010010101110010111110111111000100110111000101010010010100100111001010000010000010101110011000111
0000000011000000000010100100000000000000000000000000000010000000101000010100010000010100000000000000000000000000001000101000000100100001000000010000000000000001000000000010010000000000000001000000101000000001000000101000000001000000001000000100001000000111000001001100000000000000000001101100000000000000101000
0000000000000000000000000000000000000000000000000000000000000000000000000000000000000000000000000000000000000000000000000000000000000000000000000000000000000000000000000000000000000000000000000000000000000000000000000000000000000000000000000000000000000000000000000000000000000000000000000000000000000000010000
0000000011000000000010100100000000000000000000000000000010000000101000010100010000010100000000000000000000000000001000101000000100100001000000010000000000000001000000000010010000000000000001000000101000000001000000101000000001000000001000000100001000000111000001001100000000000000000001101100000000000000101000
0100101000001010110001000011101000111000101100011111001101110011010100101010001100001001100110000001011001000111110101010101101010000100101111101011110011010000100111101100100111111111011110011000010100110100110010010010101110010111110111111000100110111000101010010010100100111001010000010000010101110011000111
0100101000001010100001000011101000111000101100011111001101110011010100101010001100001001100110000001011001000110110101010101101010000100101111101011110011010000100111101100100111111111011110011000010100110100110010010010101110010111110111111000100110111000101010010010100100111001010000010000010101110011000111
0100101000001010100001000011101000111000101100011111001101110011010100101010001100001001100110100001011001000110110101010101101010000100101111101011110011010000100111101100100111111111011110011000010100110100110010010010101110010111110111111000100110011000101010010010100100111001010000010000010101110011000111
