8857
11397
2601
2212
18855
1159
1515
1440
1170
688
1170
44074
480
19863
482
700
1407
1939
22691
884
43935
1945
3103
1084
1170
15032
1160
880
1346
20150
1525
1238
695
1407
1163
19817
475
484
2002
699
10541
1019
1185
1925
44016
22684
3094
3053
19711
1077
883
1433
393
683
1177
1313
24702
9016
14923
470
1913
1225
482
1157
338
1175
1465
1923
22805
44253
1075
1443
659
839
1406
297
1430
835
1199
23798
3124
1972
15129
2212
1337
1158
1193
373
319
458
1988
44506
3975
20102
1417
698
1126
2253
1442
1224
935
1173
2012
1174
686
1332
1439
23362
479
28880
1164
1968
463
3084
44157
1425
703
1077
390
15078
1175
878
1170
1927
1186
690
683
1342
22977
1671
1514
20669
1170
30158
660
1947
44853
1416
657
461
696
3078
979
1187
15591
1169
1940
1069
712
1448
1441
483
20108
518
23446
850
3458
400
1163
46838
23560
1172
3316
3061
1637
1187
930
1476
207
1969
514
359
1172
685
1398
1549
15423
20412
1922
709
45324
23396
1170
1601
3183
504
1190
1692
1073
1147
2412
464
480
1267
2133
1153
1989
1167
15228
20411
1932
643
1213
44457
2592
1169
23435
1198
894
1543
653
1074
15210
1339
697
3112
695
1432
1177
1957
463
478
6195
20842
1209
46354
486
1976
1339
22931
885
1215
1077
1679
15247
1333
703
3053
694
1540
1934
462
1169
1551
1162
20453
43784
493
1951
1171
24093
954
1168
1076
1343
1225
1340
45744
699
14941
700
1442
3329
1920
469
2038
1171
1611
1424
481
1919
1200
1175
1167
879
20430
22645
1320
943
44293
3268
24472
700
1077
15003
3054
1414
699
2031
689
463
1914
2371
1172
480
890
1162
339
461
441
22787
1505
1328
1170
19848
1076
6846
1090
1115
43910
2361
3045
1181
718
1418
947
14879
1169
1924
884
1169
458
496
1321
1180
19799
1079
645
2081
700
621
2100
3056
22669
3102
1412
1932
817
730
1174
646
1197
881
43679
461
1930
19827
1026
1106
1178
1159
15033
1317
688
684
3240
22840
1442
1933
747
1170
1411
1184
1418
481
44284
1344
19691
700
1969
886
1177
15021
1317
1317
696
3057
1166
463
1431
26540
14941
1918
306
1407
1185
1159
1073
22616
701
19801
881
1176
1246
1317
1928
689
3045
1168
1467
463
4165
642
500
14893
495
1408
120715
24154
6995
1159
1929
22631
698
1089
1159
1314
683
1920
569
1167
21807
644
1170
19743
24835
461
1438
19739
43247
3050
884
1946
483
22569
720
1159
44068
690
110954
1080
1931
1320
1422
1178
1384
3099
482
1164
1928
1453
463
1929
1488
3212
571
890
1238
1076
742
44230
22806
1962
1158
1675
741
1566
740
486
1323
1928
1157
943
1424
1490
1171
615
1001
3055
1502
1486
1944
761
19932
881
14894
2365
465
692
1073
898
1999
1925
1168
1242
22726
1411
1457
1660
484
10284
1943
1188
1230
20668
3183
14926
2022
3035
1436
707
768
1094
1359
43662
1163
468
1219
1437
880
482
22633
1251
24508
1545
1170
1215
19700
15005
1933
1569
3045
1440
22603
1317
698
897
1994
3069
475
893
1235
686
1431
965
1066
14959
43663
483
19841
1173
1177
1168
1408
23017
1182
703
1923
1317
3060
2075
888
461
689
1446
1954
894
1082
43700
485
1327
15189
1169
19748
1186
760
2114
339
1559
1244
762
3087
974
698
1192
649
22709
1458
689
471
43830
1935
1431
1316
19784
321
14947
496
503
880
1172
492
751
1315
758
1072
3140
1916
709
1157
1200
44807
1185
22772
1934
1165
20094
15014
1441
701
1175
883
1186
5512
1316
525
1074
479
3071
1544
1978
1236
1161
710
4417
22662
1938
1236
1426
9345
1447
685
1315
1165
661
15040
641
492
481
1079
1185
647
878
693
279
1385
697
883
20541
22618
1427
1922
1527
653
18492
3055
507
691
22580
43966
1084
1927
1431
1180
480
1261
1323
1170
699
1164
675
500
1158
460
803
1405
1178
19880
1934
3058
1535
14925
1169
1202
1626
1172
795
44303
898
3621
1922
1932
1661
1321
459
2520
1175
507
1442
1159
3059
497
1159
3037
26546
697
21770
1175
686
14861
7463
1121
1091
19738
1928
489
462
1174
518
1436
43738
1440
1914
1160
886
2522
22930
1318
1183
448
2526
695
14978
1085
1178
1938
2394
487
1165
1807
3040
461
1431
19747
1159
686
44242
22912
883
1320
1156
14923
708
484
1073
1233
1936
1938
1158
1165
1168
3116
1413
1438
20259
1443
1235
43839
24191
920
1626
688
751
14923
484
485
19925
1943
700
1164
1916
1172
1172
4644
1078
3047
3150
462
1431
43892
880
1161
1919
22688
293
487
1325
1409
705
20082
756
1206
564
695
1171
1922
536
1753
15121
1164
1073
1170
879
1162
533
43955
1969
22850
2678
1854
478
10385
700
698
1439
1166
3071
1785
2185
1322
1554
1565
1175
877
1076
1797
1160
462
1945
1956
22728
14875
1561
43937
884
882
686
483
19755
1163
3050
1444
1365
647
708
20121
1169
1415
461
652
1934
22975
1160
1088
1172
1919
15164
692
948
43717
493
1169
3048
1317
2501
6916
20854
1485
885
500
1166
706
22784
1161
30626
1177
831
617
1076
867
686
43697
650
1419
1173
3038
483
467
1797
14880
1924
1930
1431
881
20223
1178
1318
1197
22813
1099
15455
701
687
43922
1189
1165
1161
482
461
3081
14856
1923
499
2035
1432
19776
4466
1325
1178
1705
1410
1090
703
23005
709
43950
1264
685
1203
480
475
1024
3054
963
1169
1927
1188
15202
1536
19809
474
1916
2081
334
1539
294
1318
43558
22547
698
1406
697
1431
1156
885
1068
1939
1162
461
14948
3050
19991
2016
1184
25596
1249
493
30829
28433
1389
43616
1429
22529
722
15734
22775
1478
699
1185
910
10593
1155
608
684
1635
538
387
609
958
8232
1040
623
1182
1642
1170
1769
2172
5615
2093
709
1609
26588
558
1942
1134
2695
1009
1937
652
894
1605
13889
1734
1054
1739
780
2060
1512
453
1394
3871
456
13540
1101
1382
762
1601
608
1157
553
387
965
396
10687
8684
1051
1157
1664
4130
623
3091
1177
366
1141
883
1152
1000
1606
600
1161
683
1101
391
537
352
10886
8500
11411
1032
3069
640
616
3083
1180
950
1641
1027
880
379
1602
1158
681
628
1119
537
1172
600
1883
611
10599
1180
403
1240
1029
1156
1009
1650
8235
968
367
1608
1159
687
361
603
1103
539
886
389
3090
10538
1189
627
1176
1035
1157
1618
1643
326
4379
8493
967
1294
1890
831
1624
611
2106
1099
892
681
367
387
618
624
10635
1034
1166
1747
539
261
8267
1254
262
7768
796
951
1160
2271
1150
603
3106
10530
705
10507
1102
618
878
8269
607
389
1135
1300
540
14991
475
1080
1643
1169
682
372
10613
1181
648
360
1629
1156
1731
5047
11153
602
17995
7750
390
682
882
786
953
537
1156
1293
1033
1021
1017
365
1516
635
1179
1612
1688
613
1192
774
3207
9189
11374
1157
881
614
549
963
539
1125
8241
1161
684
389
365
625
1601
1314
1662
1153
614
3292
1036
10659
1154
880
603
1028
1624
954
486
559
931
1201
1892
388
367
1100
770
1171
1623
624
614
8282
681
1166
1251
10613
895
10622
1150
970
616
1638
626
3085
440
1513
367
351
1156
1099
389
1608
500
1040
340
1158
625
881
10590
616
954
8238
1651
279
691
353
538
645
3099
1649
1224
389
366
1603
1043
1223
1102
1157
882
10648
14845
625
612
971
8332
684
604
538
2129
10657
3084
1152
1161
377
398
1686
1024
1176
1166
882
1138
601
624
614
886
951
8252
679
635
1637
1196
555
3093
1156
10544
391
366
1025
1605
1167
954
1164
798
633
617
632
6048
355
1259
1164
1643
682
540
3117
1241
492
394
1159
366
1028
1156
10629
1666
1179
623
616
1098
8307
607
951
1169
1682
697
542
3138
1170
882
387
355
366
953
7591
1023
1606
1181
624
1166
1098
8233
42463
918
1706
2131
831
616
9644
3101
896
9014
328
393
415
978
1160
624
1603
1622
1552
885
1099
643
602
1184
1291
668
686
1025
614
1634
10797
8303
388
413
952
680
3078
539
1603
1179
886
1244
1098
624
599
1179
1175
1191
1038
688
2519
396
32770
3161
596
1468
2936
1364
3497
1965
1548
3238
1288
23020
552
913
1349
843
1190
653
1107
1159
1644
1032
8260
418
954
1550
1613
615
263
365
1535
1188
10762
934
899
601
566
687
286
658
695
1122
1182
3125
1155
1026
8494
956
620
1622
434
2011
616
10717
1665
901
679
548
9390
5936
1226
608
1102
1185
1324
3192
389
1152
627
954
1613
749
971
1168
635
1614
365
377
1651
10776
8303
815
542
1647
8234
684
3092
1168
1026
1172
390
1718
638
956
1099
1159
636
367
1217
617
894
1108
1177
632
8271
541
10718
684
1658
1165
930
644
495
1249
952
1618
3081
392
640
1176
1175
623
1116
2497
605
669
1533
663
10841
797
8570
538
781
1729
10185
1709
368
4086
1159
390
1166
983
887
1730
1259
1655
615
1195
682
476
1203
11372
647
544
397
678
1028
636
1166
690
1370
1377
368
421
1190
383
682
1210
8858
3090
2797
614
1012
10963
1651
530
3145
611
545
487
1157
634
1277
1171
388
1190
367
7508
1103
637
1165
3166
631
1054
8317
1624
1663
685
970
600
537
771
631
879
13575
9489
390
15266
1275
1110
640
367
3137
1153
801
644
1158
642
1727
1617
1021
613
611
3117
633
915
882
8302
4378
710
352
1127
956
330
10703
393
1176
1151
1240
1168
1698
367
1645
1032
4080
646
629
964
8423
745
1215
612
1100
958
538
10706
1179
391
1159
1193
9713
1181
1640
366
1638
421
1036
614
690
3096
789
352
389
434
643
1298
538
10889
1129
1153
951
1199
1177
1163
1244
8687
1617
1993
1045
625
3280
685
603
327
460
367
631
1624
1314
2129
1152
10854
1177
334
1193
549
7699
953
1815
538
9005
3317
1095
7718
1178
600
671
726
643
1231
1642
368
1176
896
1107
1185
693
1162
1028
1656
614
965
3132
1059
11219
393
1122
630
615
878
1327
1664
369
1264
894
546
1312
844
1158
8379
688
1627
970
3233
1028
10990
394
1097
1205
394
2228
606
1160
964
613
394
1826
473
881
1169
8593
364
688
9286
1509
371
798
567
3250
1179
1260
1468
9143
1784
932
643
1234
1025
1031
628
2029
1174
392
683
1087
955
11223
469
363
884
1729
397
1375
1187
273
1315
1186
1441
1287
3104
614
548
499
302
677
370
628
8256
12321
1029
1403
753
1378
884
1173
263
1177
2634
359
618
1252
464
1176
824
603
701
1175
366
1206
2849
380
1755
10667
692
680
460
884
1302
1156
3539
8842
1255
967
391
869
619
667
345
1166
1109
1764
839
1625
10722
689
1031
441
1809
610
1218
717
3081
381
939
720
1388
8668
391
617
547
661
1076
1639
1143
1626
1148
911
1023
1562
639
1207
381
1167
3519
880
12401
1103
672
8886
881
598
1763
953
925
1128
1912
1202
861
685
422
1193
1452
471
1056
1072
11317
1536
477
617
3224
1184
620
551
646
2135
1280
972
8895
603
4578
764
531
1312
1649
641
1049
1337
10940
1761
403
2132
968
1150
3461
737
689
753
699
8642
556
1224
606
883
424
773
1610
12471
846
1805
1670
3041
1986
6756
4659
1629
4766
1152
1024
2429
1689
2171
1066
89604
1174
1656
907
1575
1994
12724
3473
815
1174
3188
4233
3353
950
4719
1408
1259
2386
1956
1659
2542
974
463
4866
2938
83592
763
1277
1572
1005
1265
457
4050
1138
12390
1113
3021
1182
1289
1903
1691
2452
1659
3389
4808
1018
1730
697
649
2806
1322
1569
1795
4079
86325
1316
1017
909
2983
6060
1106
3006
462
2256
2244
2458
764
13427
5161
5369
1708
1904
1106
2515
1666
1017
941
626
938
3603
4240
1578
91113
1536
4755
471
2404
6820
718
2379
1420
12460
1986
1710
992
1720
1337
1047
961
6183
2925
3054
911
2332
1762
87704
4097
1672
782
5100
684
1418
12071
1980
2474
1005
1697
937
3073
995
2459
906
9666
4547
3727
935
1201
1647
1658
1494
84575
775
4769
12153
1625
4852
687
1694
2157
960
704
2057
1568
1533
3826
1012
975
909
2390
2863
1655
85230
763
3089
12992
631
5198
681
516
1730
971
1517
3168
4219
5725
2019
1003
3022
979
2603
1191
1568
1838
85113
3391
12533
6799
961
2561
1015
1663
1504
940
1264
2545
4247
1702
922
3201
1070
679
1780
1912
1017
1849
1368
997
4736
5942
988
2408
821
8866
797
3037
587
1392
1094
85476
774
12198
944
1568
991
705943
1703
2184
1716
2803
1010
1053
2326
1974
2999
4880
759
4024
1158
955
1962
683
11666
1049
626
1719
81436
1583
973
2181
1788
1662
995
2403
2787
29845
4873
761
2988
4134
1724
627
1926
680
927
1568
970
477
80918
445
1900
2776
809
1713
2067
956
1002
4734
2333
1904
1677
2227
1161
516
1754
906
1316
2974
1085
1589
645
760
85411
1756
12132
1072
1937
1785
4904
1000
2181
531
940
4077
1669
988
686
913
4049
960
4421
1653
2810
1146
82890
4098
12271
2372
6922
4734
1392
11821
682
1073
824
2238
18785
394
3197
1779
2001
976
1720
940
2018
999
1939
954
4653
81704
4767
1668
2335
2115
3069
778
679
2274
1167
1747
1665
939
974
11895
1000
902
4025
1915
956
2859
1969
4757
81009
2439
1650
2987
3326
716
2231
1048
2223
1185
990
516
1632
1026
1257
3988
1329
11913
1660
958
1070
2811
977
82587
1932
2363
4805
2671
7805
1658
1175
692
3108
553
1016
997
452
1965
4063
1674
11849
1585
2841
2894
970
758
975
81985
4919
2191
9514
1161
1655
3030
975
696
1038
2665
2553
1390
966
999
705
4059
2810
976
1642
11940
1570
955
761
3456
4735
688
998
1672
943
2137
1165
2053
4139
690
998
81150
680
2170
957
1689
11773
1627
1000
2790
519
934
769
703
1070
3001
962
431
1687
1162
999
4732
1446
2796
2475
523
2168
11800
995
1705
80333
1913
1579
905
954
520
2974
1075
962
2809
936
680
1162
4768
641
987
1568
2176
2442
1012
11786
4082
757
80982
1903
1060
916
644
1164
3019
2801
1658
680
938
1590
2675
4788
941
989
1641
1659
1585
2384
760
476
4037
622
11745
1805
1258
1914
412
397
2919
1837
4183
918
958
490
562
1678
11670
80481
2481
3016
703
2185
1655
1136
453
1181
689
2033
4754
985
984
1673
2816
972
760
1007
1680
11989
82768
2096
618
4052
2423
2172
3203
907
1168
2929
680
4811
1918
977
12307
1580
947
957
7673
693
1669
780
11938
1766
1005
82872
2325
3054
910
1170
2262
4737
354
2858
4043
998
1932
941
693
955
108230
957
1381
698
764
1573
11775
1683
2992
910
2346
2185
4720
997
2830
842
4082
1097
704
950
1644
81007
3889
953
2453
758
1623
11712
1179
1719
912
2333
2169
4812
640
995
1940
4102
1091
680
977
1670
3781
83514
576
479
2797
768
958
11833
1655
1182
1583
2292
432
4738
1020
1259
4103
2357
1939
941
1661
3052
1394
681
945
974
84864
1149
15264
1653
1166
3295
952
1664
789
685
2176
1095
4118
1934
940
2169
1912
2423
1654
4727
2988
761
957
83959
1012
914
1750
11823
1689
1180
971
817
937
391
4180
1000
2188
1945
2336
2926
11667
3099
4727
760
82481
1004
918
5958
2464
1171
657
2044
133810
683
1658
111194
942
996
2190
2347
2023
11793
4337
875
4736
1741
2884
977
4036
943
1228
2521
1572
1606
680
2178
1058
948
3006
1640
977
2173
2330
1913
80985
11842
645
1664
2970
88641
992
642
936
768
1588
1224
1007
2969
444
1168
4753
4298
940
552
1307
1127
1994
952
848
11836
3141
1732
982
82524
2333
2198
1572
1011
2935
681
1163
4897
4079
948
647
950
946
1660
4858
982
646
769
1965
680
1016
12118
411
1648
1016
2799
1655
2354
81949
628
3073
1163
967
4576
1008
438
122491
6244
2216
768
681
1041
977
1682
989
939
2147
2815
1924
2423
1706
3067
11943
1597
4200
981
20076
81721
4445
1063
4874
681
2836
769
2182
999
920
1162
1838
2539
2449
4478
3015
1733
2779
4415
1024
1581
1045
85358
1658
80314
774
5839
533
1189
797
945
412
82195
2115
11767
985
2266
4028
2844
1036
1686
914
2166
2733
1602
3058
769
4769
1160
2339
498
2084
1900
1007
1669
1900
1914
960
83066
2865
4085
1006
963
906
949
1543
1616
1696
2200
682
968
2323
1663
11867
4800
1665
1184
1904
4031
2971
2797
81619
953
6683
907
951
762
974
1609
1434
1169
681
870
1682
2798
11897
2224
1754
1834
941
1005
4041
1934
2463
4088
939
758
4741
985
1619
959
1162
82864
3335
1019
1345
2896
1168
1159
11707
14022
1734
1648
4144
957
1656
917
906
2180
3073
4831
3117
2448
1009
689
82285
992
12547
2800
1582
977
759
1734
2162
4140
2561
15667
3046
12840
2037
1198
993
628
2265
980
1138
970
3218
4935
1009
1636
5694
1285
3614
4544
1198
6064
43701
5050
1106
1174921
1989
1390
5030
841
718
3369
876
3084
4568
8361
1672
764
1257
5594
4393
8329
2832
2134
1302
40028
1138867
2023
5032
5002
1189
806
3110
842
3091
4558
5916
2384
1694
2722
796
766
5721
4362
1112
6292
1172
1132125
3049
39122
1047
5199
1177
3698
2171
900
2261
3193
1895
4489
1731
3206
768
3378
858
1087
5443
784
1271
1080019
4343
37518
5560
745
846
4850
7687
1670
5076
1883
1522
1659
4499
2794
845
966
732
765
3124
1178
1104065
1142123
40456
5382
978
843
4912
3171
8061
5856
1083
1894
1171
4468
2729
850
1639
4370
767
721
1173
2721
1100940
37931
1079
3133
1405
5490
3202
4989
6010
5088
1960
1172
7083
4424
904
1547
4428
771
347
719
1935
1635
867
2736
1092000
1084
38171
3080
4852
615
3146
5242
1176
5854
5416
855
614
2769
4475
428
2159
2037
776
4503
724
1101064
1807
37459
5597
4883
3211
833
5223
3162
1706
1165
1128130
6518
2748
580
950
842
1262
4474
2136
825
721
4516
38150
1908
1170
4913
3070
5103
3182
1679
1310
6128
1134335
3024
2727
743
1533
5103
839
1101
857
1058
1275
5085
39553
3786
3077
1171
1295
800
1632
1984
5816
1138303
4229
418
6567
5885
5824
841
5873
6353
1795
1075
1889
3413
38855
3063
2401
1196
780
1696
4436
3318
5423
1138535
6003
1176
2101
4903
650
6287
4517
5931
838
1084
46454
2822
38074
1899
852
3159
3110
1678
721
5386
769
3213
1314
1127701
4892
4380
421
4441
316302
4517
1149
5236
837
1241
6280
1967
5959
4808
1647
2697
5704
5137
8017
3251
881
1095161
786
1165
4462
37724
7923
3428
1155
5134
1106781
719
1940
1162
4904
3059
2724
843
4504
879
5877
845
1642
805
1170
3144
1325
37088
5439
4482
5350
855
1111
1098423
1257
1899
727
4920
838
725
2076
4887
874
3066
4730
2712
1248
3132
36887
3079
1709
5357
2202
5116
1175
1120879
6884
840
1895
979
2219
1206
3206
906942
769
3662
4810
738
4347
37220
837
4446
5618
1079
1650
5075
1163
1168
844
1891
6396
4437
3253
3202
1101595
807
2706
4840
3124
762
37134
864
1299
4431
5381
1119
4581
5295
1662
837
345
5895
1194
3215
354
4447
2044
783
4164
1075802
731
840
6222
3224
4427
5820
2848
4489
382
2516
1191
860
548121
6222
1296
4261
40975
4271
965
677
699
1084
849
1656
5411
1263
4523
5966
5173
860
3275
2150
4436
921
1252768
723
5919
4452
1022
650
40724
5624
1121
1203
1689
1167
878
770
4837
3886
5600
2045
7479
49652
3220
1289
1174
3170
1334905
3719
3061
6416
1081
1082
950
6923
2094
1910
1154
6650
5139
403
7272
7094
48076
1690
2433
1199
3204
11466
2787
1941
4572
6380
798
3415
1667
5531
1110
1534
418
3943
7614
781
1152
434
1192
5749
40006
3548
4898
7423
918
39915
5737
4537
3458
6185
1182
1243
1282285
726
2706
1066
1761
1071
1105
835
3215
9904
3382
4578
8687
1244
4259
19988
6199
4044
6820
1788
59370
1277020
626
726
1169
1741
1291
1374
194930
4147
13318
1866
4174
3728
1925
7878
6236
848
1866
7308
3229
5114
7812
44050
5208
4499
809
4860
2485
1066
1355999
1821
1692
2866
2949
6352
3764
2628
1053
875
859
7529
5240
7123
5637
44016
3336
2063
1370
5759
5761
1524
1684
851
1804
5293
4892
2870
1193682
820
643
874
875
4463
779
6468
38492
3286
649
3075
5067
5494
2053
1097
767
776
5095
4503
1707
3237
2807
1207
5728
855
4626
785
2514
845
1216937
6045
1191
5546
5629
41864
2009
3348
2079
5555
1539
737
3311
5200
1798
802
937
1282
5419
4503
930
2801
1297153
717
789
888
5701
5220
7562
3274
1926
1212
1613
39016
6047
911
4609
1118
1170
6659
2994
4727
434
1312380
3423
3931
1668
5902
872
913
3628
979
1638
3416
1270
5810
837
6182
4579
3128
5946
2813
6381
42151
1299652
1301105
3218
1757
5279
844
989
3144
862
3666
1711
1190
1217
747
1689
4889
5233
985
828
5813
9760
42128
7799
1327268
4368
2049
8028
996
3443
925
5583
1339
1258
1278
1104
1705
639
4734
5286
826
4845
4807
1473
3213
6433
51843
3957
7835
1304547
2238
852
634
722
1175
3536
4646
1629
3074
1088
1235
894
5497
4381
881
3189
5832
36887
5132
4832
1095353
1404
2087
871
719
1160
2756
4502
1623
3087
1094
5816
1234
2212
766
5662
3135
38332
842
5909
4851
1093780
5038
1168
4400
4721
845
2703
730
1227
2486
1627
1256
5901
1074
826
5364
3153
37596
3127
922
4905
1126293
5038
1171
4440
4511
1341
3340
1203124
1164
2745
4896
876
5840
1895
1770
774
3073
1100
37564
3135
2262
3221
880
5121
1189
4475
730
4416
5469
1099146
2717
2440
4885
970
1757
1182
1913
767
841
2186
652
1076
1534
850
5055
3131
3111
1570
717
37534
1141280
5402
2751
4614
4850
5835
6322
4378
3290
768
1985
1028
104553
1260
6710
5146
1727
850
3186
1168
5355
36941
1112
723
2701
4912
4428
38227
727
3059
1870
777
856
5160
1150893
2096
9170
44473
1581
656
1187
4445
3366
1587
1638
718
5084
5607
5482
5789
2723
836
1876
2138
1110
5055
4949
1473
41361
1130029
1175
1223
2284
844
5055
1234
1652
1210
5792
4461
748
3228
4872
1235
2843
37340
4419
3105
13060
854
1110616
3231
848
5379
6337
1174
1207
7235
1145
6197
1632
846
965
3775
994
4535
1333
2813
3383
2081
5703
3362
5396
1192
41203
4566
1385
950
888
8757
4540
725
835
588
1423
953
969
1733
1187
1392
3685
4502
2703
3870
1170
1098
37292
5007
5847
3104
5520
4355
1880
2589
1203426
844
719
856
1561
1218
817
5028
4515
1734
2979
1167
1078
42608
4820
3135
727
5870
3055
1879
5998
1459
840
4377
2803
732
850
886
1163
1211
3798
2412
739
386
1171
2494
865
1035
1004
1588
3150
1206
1195
1744
2692
1146
1795
2543
903
1163
1169
3790
1159
720
399
388
2703
2347
1118
886
641
1038
1123
3214
1585
862
1179
1779
1624
482
1159
1251
3923
1383
718
4452
628
2357
921
399
1188
388
2435
2703
1054
1176
1635
869
1124
1778
3226
1165
1162
3757
3747
835
719
1631
1159
2376
1123
899
1123
385
1155
2434
2527
2771
1635
1166
875
3160
1191
1156
3245
2253
3735
1014
906
1192
2362
1136
723
1034
1029
1104
2487
947
1524
2440
508
1160
1016
1775
1166
1578
1158
640
904
3137
1510
1137
2698
889
2701
3192
1171
1012
1675
827
1174
2409
387
260
2361
1021
1577
1764
1771
865
3725
1192
1156
1260
2646
717
3180
1002
2768
892
932
1143
860
1428
1160
1179
1179
401
1562
1763
1633
1022
2353
1174
1154
3819
714
3160
1018
678
2688
745
699
1147
866
898
2402
1373
1415
1163
386
2339
1622
1172
1121
1760
1215
883
1038
6434
3782
1187
1693
1007
3207
911
1151
919
1104
2461
1162
2483
385
1720
1312
588
642
2355
1378
1167
2859
3152
1124
637
1533
718
1165
2684
1023
896
3743
1167
2422
1777
1629
1161
1569
1572
1562
869
424
2340
1561
3186
1021
932
1159
1159
2679
1035
725
3722
1832
2710
2405
1579
896
1162
806
2483
1931
1073
390
1179
2384
2353
1717
1546
3739
6128
1137
1145
1024
732
1020
2410
2763
886
2087
1043
887
499
1586
1860
1167
3154
387
2364
1170
1165
2363
1556
2352
1144
4139
1124
737
1174
1018
875
2410
2405
2817
3828
2417
673
1447
1802
1579
1150
1169
557
1028
1234
1030
3153
1573
1125
2427
1183
1001
1659
1144
2675
715
402
896
3825
644
1168
2348
1878
1162
1253
1022
860
3169
903
1182
1778
1336
1560
1688
2416
890
646
650
900
1009
1171
1162
1151
3784
2346
1170
1172
637
3251
4237
1045
722
3810
1033
1251
1648
1154
2434
882
1565
1531
2726
482
1800
3915
645
2352
1163
1165
1234
1210
1021
716
386
3141
3302
1318
752
1620
889
1923
927
1415
642
651
1759
2690
3798
3389
2448
1162
1123
2366
1147
1027
2347
1159
1382
1731
711
1514
899
385
1626
1166
1159
1028
3209
1007
2676
3733
1163
1022
1283
1128
863
2398
1151
1778
2343
3740
1158
724
387
644
1610
1639
2241
1117
1158
3188
595
3145
1166
1795
1018
1398
1160
865
3780
1794
1004
2350
937
715
656
2688
696
2413
1124
1163
2564
1370
1157
1609
3197
1174
2562
1019
865
1640
1174
280
1156
889
1016
1769
745
3769
4299
1118
387
1165
2818
2349
1160
2404
1764
980
1292
1951
865
1103
1154
3216
1061
1633
1164
1021
1004
3792
940
388
1120
1164
2691
1156
2408
1829
1161
3879
1579
1219
716
869
3164
1168
1018
2342
1181
1848
2824
903
460
1026
700
1295
1217
2558
1829
1187
4080
1026
1690
722
1260
3308
419
885
1241
1229
1277
887
3065
1355
1855
658
1194
2518
1171
1888
2525
1319
4090
2337
1125
726
1811
545
1593
891
1284
1048
487
2883
1259
1101
1924
765
2447
1256
411
2689
1283
1242
545
1705
505
1059
1156
2646
885
605
3261
1666
1834
1392
1245
1196
1236
773
1391
4053
1720
412
714
1076
2534
1203
784
1049
1283
2400
1258
3433
2701
1820
1600
689
1533
1340
1277
983
4081
738
1771
1136
967
1091
755
802
1099
905
1317
1372
1050
2288
1443
3140
4545
1573
12759
7278
4278
4953
10900
4950
2942
1855
1337
1741
929
1351
2370
1473
3372
1371
257
970
1731
1137
2001
1179
3282
1251
925
394
2942
1141
4005
1152
2364
1058
1041
1851
762
1163
899
1318
1684
2504
1271
1194
1120
1630
3238
1168
1224
390
2908
3847
1148
2397
902
1079
1838
402
726
888
1190
3842
2503
1699
1184
1240
1693
1067
3353
1210
403
2727
713
889
5529
1240
943
936
1036
2487
1164
1211
1892
756
3945
2014
620
1527
1173
3156
2420
1230
1011
1165
1816
390
1163
1589
2809
1038
260
946
486
642
2347
1093
3843
1752
722
410
1748
1201
3215
1193
1202
2515
1949
889
655
1473
1211
1054
1185
2834
1183
2419
1104
3837
1805
1705
733
1026
1786
1173
3429
282
2483
1167
865
1809
1147
13392
943
1576
1165
395
1197
2784
2461
1206
1615
646
629
1217
2741
283
3817
1012
499
2172
384
1798
1080
3334
1176
2507
1756
1259
2142
1641
1367
751
2394
1574
1184
2420
1256
3805
420
1185
1057
962
1702
1046
3225
1234
2587
652
1168
2758
887
1848
762
2399
1280
1239
1102
3592
1725
1205
1213
1808
1049
912
1783
3828
3233
1050
1273
1180
440
2424
1155
2760
866
1144
1166
408
2353
505
2749
1686
1268
1629
896
720
1016
3179
1809
4081
610
1063
8319
2559
918
2731
1224
1271
1262
1249
3265
427
1943
2614
1653
1792
798
1243
1085
1177
3839
938
1112
3727
2682
918
3451
1204
1258
1230
1212
2761
460
1989
2418
1669
1716
2126
1124
916
1166
3371
903
2543
3833
1045
913
1020
1803
1757
510
1159
642
3014
1253
2586
387
1213
1204
1800
1277
791
1226
1734
939
628
3520
2586
1051
1552
1167
1035
2172
3884
1185
637
2464
967
3161
1185
599
1175
387
1241
1741
1726
759
1186
3276
1645
1067
2491
1183
2753
1095
1212
2011
4041
2505
977
1206
893
1150
435
1086
1788
1628
740
1223
3281
1200
1020
952
788
3044
2585
1239
1224
1242
2719
4068
986
966
1963
977
399
1092
953
1245
1280
652
3458
1046
1687
1180
2496
2768
2544
1146
1163
2372
3752
1673
1134
897
733
6927
390
1059
1142
1219
2490
3869
895
1444
1388
1164
4632
1979
320577
940
492
7293
680
716
1639
12870
514
1163
23678
1019
10029
1191
2076
638
459
1890
3297
1199
779
340518
12908
1021
557
702
39353
7435
706
1639
737
491
1285
10411
1347
13253
2243
1074
2181
531
3351
686
360530
1274
1026
457
672
1810
757
28374
2221
3712
6909
1611
10414
1650
838
11461
541
380652
366256
2113
3276
13287
477
621
703
561
1229
1996
1043
24939
1742
679
1299
1229
7459
1891
4197
9249
260169
510
1268
1319
10076
12676
797
688
3132
1139
952
478
782
1391
368
1726
1504
925
1446
3745
1210
11236
1175
3056
1642
897
32971
891
1004
372336
837
489
13335
10305
692
403330
634
1964
388705
1727
1225
2172
3396
1275
7162
1930
1211
548
24168
694
494
1066
633
494
25220
502
10021
617
12938
3154
1804
1258
16706
3243
360543
12550
596
1960
1248
7169
756
455
1311
94784
1959
1772
2212
25495
1080
1000
648
2262
13023
3483
611
371222
1710
670
531
462
15415
1316
1144
766
1297
1204
2257
762
7358
13188
983
647
2622
19728
10243
493
24357
354769
1191
15654
591
3286
479
455
2254
1235
1029
50074
1899
1618
6997
2146
1220
1035
652
10391
498
773
22066
370684
1215
948
3364
12504
745
496
452
2217
707
2021
1732
7313
1291
1275
1073
699
10119
1886
738
498
4327
1242
977
23971
340158
13654
463
463
482
3303
694
1656
6943
1377
719
1073
656
10217
3033
1929
1274
3339
10281
345
1274
1035
1259
23955
466
299
12697
1696
490
674
323649
1185
784
6886
611
2183
2574
1177
1953
3204
513
342
980
995
1174
24663
5033
2192
12479
459
396379
701
1711
721
3802
662
2113
10450
1616
2002
361606
10254
468
1264
12955
5793
587
10728
7418
1219
1190
689
13094
1205
1614
7015
761
2169
1192
709
3281
13232
338361
1989
1222
951
1777
696
360
536
513
1106
462
9762
512
12399
632
1025
2234
25374
7026
1259
1731
1273
438633
1851
9936
1786
1269
1799
2191
459
1020
471
3256
676
13019
769
695
2202
25312
7361
18584
1260
490
364576
1931
1277
1666
344
1265
976
10420
1328
463
32416
26897
13271
3403
722
26521
2274
5250
7287
703
973
3818
629
1973
1025
496
1645
390349
1022
7192
1320
491
2087
25631
1291
719
1350
14295
12727
15425
1686
1268
2228
615
1290
2155
773
8870
493
24075
475
1054
1692
372331
3442
463
825
1910
10121
1277
12555
800
965
1184
628
1263
1238
766
9066
493
23912
459
5509
513
1611
873
334976
474
13233
10403
2020
467
2223
756
1020
1313
702
1263
1307
348
1174
25698
9555
3325
1744
1627
510
1069
349733
12502
9915
470
1892
2194
435815
713
649
1276
611
1196
493
946
1247
24055
6967
340
996
1736
696
3399
1001
10088
668
12578
10057
1897
352956
2008
1090
2255
1675
761
536
1279
24024
661
698
931
533
712
3297
1048
3671
826
12532
7662
2230
550
529
397
701
1910
2108
704
1624
479
708
327270
7367
1247
24125
14874
2021
1707
672
10166
494
1227
3212
550
934
760
713
1883
2246
962
532
766
2494
1853
7573
2418
1264
25135
1255
7881
609
1074
10110
7108
3333
454
1188
715
608
1104
2124
956
458
685
436
1632
12634
765
1313
1676
2178
1200
24055
695
6900
344345
3197
1051
3202
490
476
1952
619
1663
9913
493
997
639
16254
853
1623
666
1426
2181
330
2722
928
333344
1962
5465
866
526
1284
439
7245
720
770
2006
698
464
1012
1743
1000
3393
12631
1311
27271
458
1895
318977
10131
1208
534
1205
2266
2126
745
7435
1884
634
763
1080
736
457
3256
1007
1850
24868
12751
1387
344133
325167
525
1208
9952
1173
2207
958
1689
1965
8989
760
1422
1105
352000
720
643
461
24342
911
1913
350
457
510
1262
12787
10126
2111
314
3387
1221
1624
1918
7042
689
1011
361760
717
955
24323
874
1186
1300
504
458
675
12668
11472
1077
2134
518
3424
1701
340
1244
362
1916
7154
794
977
325970
716
314
631
1263
1275
677
500
1199
9878
666
12934
25151
1704
1101
644
3470
2193
2392
545
7276
1011
7327
572
464
363
12538
620
683
3126
10116
696
1202
12606
619
1319
1076
382590
1006
3560
24318
472
1191
1626
370
705
477
9910
2056
529
457
12776
2734
675
13250
532
1288
1255
1123
1030
3443
1273
24214
418731
2476
617
735
451
7306
2115
820
538
10488
2010
595
694
524
12424
1328
508
1193
1009
929
3206
350969
26138
689
1256
547
824
2251
4032
613
14028
3631
3038
2691
758
41241
1040
1170
682
1293
455957
706
932
10556
361
12663
1226
539
81080
3266
610
508
3468
1257
2022
10503
8715
1628
666
344
1130
12220
3160
945
3518
23935
737
1214
1214
1851
1892
359013
554
13239
1254
319
2126
722
710
531
694
1568
1652
6924
495
724
2218
743
25275
24674
1568
1676
10614
1818
1695
1024
621
2018
13031
356
1292
2087
20771
681
557
21008
707
21411
732
25955
1202
2212
473
32602
1299
1287
497
476
630
12872
5390
3225
396
1833
1672
15798
2039
1001
17802
7289
799
398036
782
709
5442
471
7195
2376
767
1211
12971
1020
623
3896
477
1678
10325
624
14172
1904
1394
494
3239
381378
1191
19205
25321
25392
12560
7119
947
678
27565
2075
2071
1179
476
9578
1161
628
2050
1266
591
451
321934
1049
924
3238
332
34374
1281
30296
1012
543
2139
1558
1633
10134
12608
7037
698
515
350
610
1890
1239
2100
610
493
1016
365070
1436
24970
486
682
1186
3385
1669
10322
12534
9593
691
987
524
1264
2043
1192
2187
618
510
2317
11586
1038
734
1743
531
5171
346
587
595
1075
661
758
1244
1040
325423
532
918
9947
6931
1283
633
3348
33959
748
1777
4887
794
1232
1935
1328
12000
501
1376
1698
1858867
46655
1884
40763
2509
3486
911
39166
3175
35656
974
1790
747
4847
765
1982
1199
1235
466
11459
1444
1900
2037
1814
1775220
1937
1437
1711
41171
3874
42919
29311
38689
4066
956
291
756
1990
34242
4685
927
2957
1700
11317
2165
483
1202
3313
1922007
1436
1374
1118
1884
1443
37180
2034
1092
39610
14259
41990
724
3653
938
1987
2759
32648
493
1319
1239
8095
1374
1340
2542
1606
1875
3419
2014
2333
41688
44112
11935
34663
691
1933
944
2030787
774
482
1760
3446
5050
1862
30632
1320
3127
1474
1268
2616
1910
2239
3412
40285
37308
1039
13919
1936965
1844
816
951
524
1762
1756
1728
5372
635
586
556
1293
2886
31139
2372
6042
14575
3257
789
36658
49925
815
14172
58891
3077
988
1695
1266
5110
94003
1341
1867854
1270
1895
41905
30025
3834
829
2800
1038
713
1502
498
40392
12215
2044
703
1789
5427
996
3301
1396
2020736
1443
2723
52507
30246
4513
1229
778
2638
3355
8162
1467
30346
2292
2041
1455
1277
5173
530
1790
991
40387
688
1998363
1832
15190
3922
3695
781
2629
1261
34328
1444
33563
1632
1941
1291
2056
8212
46019
1395
509
6621
43407
1085
754
566
3731
1745
1945787
949
3351
1280
855
2646
30455
1523
18640
1457
3420
33757
1868
1844
4871
43966
1390
318028
42316
705
495
3782
1292
2166
1257
784
68871
1304
2592
2025810
12256
3597
1489
41000
2094
1981
1762
5032
4737
2642
46942
484
718
890
1069
1361
1991
31218
1325
1408
40492
2617
12203
1529
1936364
795
1971
1444
3373
1365
4833
37518
3732
773
540
948
1771
695
503
29656
1318
800
3409
2008
784
2572
18994
2002650
755
1947
1406
5281
38229
1450
12492
532
1854
1746
48365
2788
1518
5763
1160
5289
36034
2262
839
1488
2851
1477
1117
2232062
1553
1333
36594
1308
495
1974
1807
2781
2833
4952
1687
4344
12363
34214
863
16325
1589
1030
32749
40728
3395
2004802
707
2657
55666
1289
4023
535
1759
3081
4862
4693
2914
2021
11757
1358
787
1290
1564
31075
44576
12034
1932700
1102
1159
53294
2862
897
2456752
1942251
2531175
480
5191
2624
4549
1832
1258
177369
3786
1856
510
949
1393
33324
11537
1747
40533
1430
1941
1915
2377
981
489
2472
1353
1115
839
34980
2669
2090455
3831
791
817
655
3567
30925
12004
781
46460
505
60864
1725
1495
1411
1898
1042
1663
1337
1019
1326
1006
1139
988
5066
1522
2838
33556
35129
1261
41965
491
2027
2074723
15046
3619
1738
1848
1642
1306
3931
1378
830
178150
685
5043
39406
1371
2691
29437
975
41362
503
2054
2934
12206
3414
6981
1771
1880
175830
1579
987
891
1293
704
4863
3589
34543
2462
1258
927
31732
7295
2094
2540
11906
3361
490
1887
1602159
2763
1373
1414
801
1000
1924
708
3945
36802
1264
2444
3809
5283
1233
37455
1591962
12676
3856
2400
2875
493
43378
2024
1424
847
1474
1282
733
1866
42549
1327
2001
5442
7818
979
33895
2125840
16126
3358
12448
2695
826
51980
3077
2259
1269
2387
1461
602
2006
39730
703
1776
1844
6502
3808
1460
38096
52505
2062926
3747
815
1236
768
15902
4038
1417
943
794
1386
4780
877
2343
583
1812
1780
3536
35036
970
30247
4525
41102
1981596
2051
1683
17972
1838
4215
3424
1151
1860
2064
5928
12572
885
1474
1870
1259
701
4189
1920
3862
1053
491
42878
2178353
3095
30577
35379
530
903
3440
1320
2632
11751
41499
1890
2609
1258
1416
172999
5016
1526
1049
345
41998
3907
790
580
2308
35270
1946
805
1012
3473
12096
36921
1962
1810
2595
1286
399
564
5137
1347
2134065
944
3835
1005
4418
2036
38934
40127
37985
703
819
11841
1778
31833
1933
806
1844
31142
3433
5066
1835
9489
480
1419
34875
2591
32236
1383
30748
1275
27669
34448
30457
939
1338
3759
41078
1932
11475
1812
497
3283
2129163
1873
4991
1696
818
2580
1186
58755
1287
1426
47529
37481
1401
2036
1547
5005
4076
18852
4622
1952
1170
3482
52829
2736
55377
7133
1280
1822
1258
1399
789
2862
1869
43644
701
1821
924
1298
2079906
3651
45240
15075
3567
739
2111
297821
30763
2563
1477
18006
43005
1840
2348
4475
5000
51819
42999
2550
1480
1462
35886
490
1285
1319
3429
706
1774
31028
2658
1084
853
12514
1961640
2101
3502
5356
980
53638
1777
1517
467
40298
1403
1286
1411
30474
984
1906
844
3356
2824
821
12369
2061642
2701
3936
6400
41330
48528
3685
1097
2160
1123
1895
512
1231
785
1312
48277
2265
1555
1413
4552
2545
732
1066
393
1963546
33572
48853
683
11727
2489
5002
2250581
5117
2668
837
791
1265
1818
40001
904
2346
798
2059
68816
815
1853
2255
3213
1758
3876
3794
2658
2103703
42978
5209
3720
3709
12049
779
2100
1770
1238
962
552
1439
789
40411
1564
46263
1284
2110
2758
1890
2174355
346
64643
1971
5260
683
2059
494
4831
1326
1741
923
3562
1968
2761
37319
702
43976
1447
32108
1991
1828451
1376
596
11201
73348
1287
3175
750
37618
3811
14686
6689
5400
5414
2933
3599
11273
2283
93012
6295
2315
1957
2229
1797330
475
2600
1196
34624
26414
1326
855
4853
693
1882
39683
11507
2160
897
3226
777
1297
3429
1992408
1954
794
815
12680
2456
3315
29103
1325
1215
2077504
1398
7394
1911
5003
39324
959
3185
515
33874
1392
1670
1340
518
705
715
3713
2696
1837
814
1327
903
691
12502
2126
1953203
1748
42356
3393
1430
35494
1033
3420
934
503
2125503
1394
31875
5269
788
843
7211
3781
1871
1288
1944
12001
1810
778
2614
1396
35124
1687
3476
1006
543
3569
1964618
48207
4811
683
2656
40908
3882
2097
1378
1922
510
962
1972
782
1452
35958
17911
5670
921
1602
1240
2064653
34592
4751
669
2520
39883
3464
547
1786
1882
465
1304
1641
1747
1241
1185
413
4457
1826
423
131308
1556
460
1203
605
888
502
1001
591
695
459
1648
1486
1803
461
1302
419
415
1199
1860
426
4360
610
140053
1236
148575
4530
1048
674
1541
118258
1243
993
646
676
482
1878
486
1076
1236
1239
566
445
1338
2098
456
714
4745
1280
434
1475
658
960
997
1235
177937
640
526
1852
807
1259
1290
458
539
1309
331
2086
454
4625
1342
525
1637
1612
1074
732
2087
147512
640
1049
1940
688
2466
1416
1310
518
1375
587
481
8346
459
1341
502
1258
1538
955
647
847
1379
1391
137101
1254
1047
1762
2685
539
1580
1831
650
581
883
461
484
2085
693
5152
3386
712
677
979
1348
144774
1263
1006
1878
1947
1257
1633
1315
1264
457
629
662
439
483
656
4645
1598
565
660
946
446
152986
2786
1024
1759
1290
1252
1461
350
1782
1347
780
2016
1797
444
2093
1292
644
1495
415
464
644
162634
678
659
2709
4847
692
1277
1988
525
1352
2330
680
2324
1258
1061
1238
545
484
711
648
951
135649
681
444
2180
529
2154
698
687
657
1315
1926
348
1673
3645
1525
5025
525
386
630
1270
1335
154437
486
650
1107
977
1605
2082
723
625
1302
664
465
1716
1466
1350
1290
466
2726
707
1249
1332
156409
6762
525
1332
502
993
711
2154
651
733
1257
549
547
1782
454
626
1251
1464
324
694
1242
167248
1637
7313
839
493
1960
1664
1663
471
594
1298
925
2777
9332
2771
2845
1817
441
1005
539
1475
3334
1465
334
1021
703
1558
464
160332
1318
495
996
1042
1243
4727
650
804
1980
1345
1333
3375
360
462
1018
735
906
460
635
1511
466
1408
139440
1827
301
697
682
637
488
494
504
579
1548
482
2045
1303
959
4293
998
1261
1062
656
473
461
660
1435
553
712
157867
1266
1238
1384
5181
353337
528
1649
1748
679
797
1986
968
561
465
68207
1005
495
1229
10826
1968
1010
434
1244
434
675
1763
722
5101
1538
410
1643
1327
996
529
447
1532
1831
656
550
141421
1263
2063
454
813
712
1056
1370
1343
334
1386
645
4541
483
932
1256
1457
446
1605
537
1800
481
141403
687
2011
1733
1315
456
1074
1029
1398
687
1361
298
670
4690
485
935
1380
2501
1265
1390
1243
459
1182
1939
956
136238
1290
1739
662
739
1457
2973
1438
487
514
507
568
968
1285
1737
1226
1245
1457
755
2159
1055
595
1365
276
1386
685
471
1345
1323
1559
645
152580
519
452
636
1730
443
146623
490
617
4732
1861
1188
631
990
1254
1301
2175
1231
1283
533
1004
450
1953
469
1439
1735
497
921
349
204558
586
595
4389
1188
907
485
1314
1180
1213
242946
349
604
271
1256
1236
495
2019
327
1682
444
1427
342
619
4736
986
15298
752
1530
1328
1281
573
857
335
878
475
622
629
1235
2218
523
449
367
1823
1399
681
5128
1222
145657
2035
392
610
1190
1261
1133
710
496
963
1223
842
1212
540
1124
472
422
1443
620
539
1706
4760
1327
1860
1319
512
628
1272
952
1329
883
986
4981
4862
2072
777
1881
1988
161439
1474
877
557
1018
460
896
446
4706
646
395
676
1379
482
955
205331
2118
1560
1823
1270
663
348
510
1335
2195
582
491
764
564
653
1579
1168
1250
914
4532
3701
1813
1392
460
1482
1455
1508
161065
1099
1357
489
680
1821
551
45525
1947
1929
619
708
1187
626
486
1551
664
2055
1128
4856
1288
725
1294
1276
508
477
798
1294
194541
1765
459
566
180128
554
686
2641
1019
1528
762
6398
152722
1237
1241
608
1290
1098
2249
472
424
1255
1706
1249
835
2012
1295
918
456
472
1442
697
1202
530
141585
1370
496
682
624
2064
532
1792
440
4760
635
678
722
1308
138099
1806
514
1267
1505
999
1108
494
1314
460
1250
726
2079
1426
483
1256
4702
467
633
672
1560
924
532
137865
1292
623
701
1327
1970
446
981
1335
496
2018
1265
580
1254
1128
472
4865
482
1511
2455
523
659
642
135922
623
1382
681
692
1802
576
336
945
498
1991
1241
447
402
303
1251
4690
877
644
295
1273
441
1998
462
1063
1444
692
732
1486
524
1323
1255
142087
1854
1331
449
1240
4859
935
643
646
2317
439
1966
527
1023
653
523
1253
1517
2233
800
563
1305
954
1288
528
1345
161712
1403
4619
673
689
947
1953
1329
3324
1206
494
1693
1760
732
1360
477
952
1372
692
514
423
1403
1443
483
4641
647
167220
1267
461
652
1036
1244
1788
1593
511
1385
504
953
1351
3813
1073
653
2066
1376
491
4894
656
1306
472
137554
640
1088
1255
1864
587
730
557
1332
365
1016
1473
517
1328
1511
137140
782
1344
1933
491
645
459
523
4903
1244
719
1783
464
472
1275
667
975
1288
1135
436
1228
136022
1510
595
1541
944
1239
502
1973
662
1338
4739
1859
355
670
1359
1373
1035
1383
1568
453
533
413
139421
1039
1810
641
1275
1792
1743
804
536
489
688
459
1979
5123
1272
1256
999
758
1529
437
675
161997
1438
1145
1335
2303
1301
386
1331
329
1314
2589
501
653
1811
1312
4613
501
942
1446
2218
624
170948
680
723
2214
1023
1442
4827
1062
2168
2280
2774
801
1060
735
716
2104
4728
330
746
1333
1622
739
929
1992
1526
741
983
713
1278
1277
1214
309
1906
1903
543
1078
645
478
723
505
514
174525
3319
1299
598
1313
1280
1294
456
461
689
5530
1457
580
963
1538
1219
2235
707
466
580
481
469
3729
169590
1145
1349
2087
959
1229
2671
622
1235
2963
3833
1213
15132
2592448
1775
1129
460
59905
2826
1577
758
868
1193
1681
937
11975
1192
1097
2512
1036
594
2922
635
3526
1257
2261728
1799
584
2090
2900
64317
1637
753
3680
1264
901
947
1705
12184
1984
1195
2252012
1187
991
1131
668
2539
4216
552
469
21336
1778
68307
424758
1146
2806
1785
1597
840
654
1558
5141
5510
2394
2182
1217
1177
1001
12754
2609
4847
1207
1113
531
2475662
1818
758
4950
682
68161
1255
3194
2448
1540
2967
1220
1572
821
1773
13265
3187
2803
4029
1581
555
1457
1744
2491157
614
490
2779
91414
1244
3302
1779
2026
1243
2616670
529
1899
1636
1334
1389
972
16332
912
3024
997
2941
381
913
5783
1824
485
1368
1416
3718
73045
3787
3437
1923
2517065
1829
349
846
3874
1314
826
1158
2086
633
903
1259
1498
13625
3974
384
968
650
1334
2533
2566
1601
4835
83306
2854
2126
2032
3740
1444
1699
6527
3012504
771
1175
1246
1576
2975
2019
915
1097
1949
1679
3356
14122
298
1310
99425
942
1240
1086
3176
2058
1677
3197
656
2346
3388
577
2583
2026
2720008
901
1308
2504
1755
12542
1235
1243
77946
5344
1847
1130
2007
4088
2869
482
883
1579
528
1755
1608
1028
907
2954133
1738
2878
2745
2519
1881
1039
402
3982
14503
73361
1100
2909
502
825
1558
527
2781
1240
1974
3321
1356
1124
1269
2645
806
2025
2230
1624
2588917
1771
74694
2372
1594
1014
787
16663
4895
2345
3525
1198
1047
992
674
2162
1637
3941
2402
1791
1701
491
1480
792
2692479
2198
1715
85625
1694
1781
14196
868
2574
908
1335
996
3541769
489
1156
2730
1294
3710
1142
2735
4776
1155
2229
1461
4411
2169
2620
86967
15363
1054
1941
3302
2506
16235
495
524
577
2313
1692
2426
1480
2947995
1551
763
1832
3722
1671
3865
1069
2595
4495
1670
876
1267
956
1267
970
797
19338
922
82085
2409
2446
2323
2605
4039
1541
2918517
3016
2068
2261
725
904
2120
862
2599
1804
1852
1000
513
1244
2158
14660
77826
951
386
5815
3318
2342
2802
417
798
1334
2068
2871069
1033
2037
1470
2070
1500
1675
625
764
1882
103931
20439
2727
6288
1739
2758
503
2775
2196
618
2714
2919524
956
1607
1307
2127
1077
1154
2234
1294
1693
87251
2003
17790
1117
2376
1505
2012
1311
3006
6904
958
6759
1374
30926
3242
1734
834
637
2779059
1076
887
1872
2223
90566
2964264
1727
1052
1434
762
718
1133
5558
2549
1176
3932
3877
1966
3009
796
863
2801
3058
1224
1483
84079
2623
2600820
908
17656
1586
901
623
5425
2250
1760
4152
2638
533
3026
710
863
1591
2315
1793
1506
1242
2478
1296
1409
70653
1000
2874853
967
4069
2161
16873
1044
1882
1176
4185
4680
1001
581
1659
2587
2653
657
2463
2739
929
1018
80200
1977
1309
1369
4461
338
1225
904
1689
2988
3284
1485
17416
6046
24035
5654
949
568
1246
585
2747
2970369
2928
1718
1104
558
1709
2443
755
1383
3953
1648
1236
15306
1289
1534
2857
1137
1971
1430
1295
1944
94783
4320
1544
996
1817
2194
2333
1890
1815
1070
1078
1636
3252
5473
3106486
6349
1826
682
1676
4681
795
111560
1245
2267
22019
2270
4737
3913
2836
3184
2065
1503
2538
3681
7368
2223
2677701
2768
474
4143
1775
628
87975
1684
1252
17494
1196
1924
2055
2904
72396
967
2888
990
1190
5999
1015
67568
945
14281
3433
2458602
1711
1762
1003
3116
467
1602
1974
2343
154085
1221
1233
965
1595
1952
366
3749
1203
4088
12257
2223
2272
884
3142
2408219
906
941
1784
558
1849
65944
2579
601
2501
2561
1173
902
2480
1057
3417
1975
7109
1101
2549
282
13425
333
873
737
1862
2425760
1801
1122
1186
1282
73327
1250
2389
2952865
1638
3446
4373
2073
1092
646
2677
1151
1088
485
13557
1754
1418
430583
361
1196
1482
1627
2698
3629
90508
1690
2416
3553
3238
987
1641
3160
688
917
1156
1504
2666
1791
2449091
11746
1443
1691
852
483
2371
1002
2445
526
69435
2391
5069
507
1723
1920
1228
761
1952
1481
1040
2419818
2689
1169
974
1667
456
1968
16702
834
1182
526
66126
1353
1782
3906
3225
1791
3893
1276
1535
1975
1224
2506781
899
1240
1825
3359
851
13366
738
659
973
1180
1940
1093
3401
2451
65885
1929
500
2843
1060
2035
2410706
2379
1409
3425
71273
1160
2652
2367
1707
610
1560
990
1859
13217
689
1147
2077
1663
4333
436277
958
1374
1216
1162
970
4301
5763
840
768
1989
4150
1745
2353265
69696
529
1174
13562
2479043
1497
1624
65659
889
1049
1116
2364294
1038
3407
3563
994
1164
853
2151
2941111
2567
1310
3252
554
13357
1737
1173
1479
75805
480
738
1103
3725
968
3418
1653
904
2372
850
1936
2435645
1884
1321
2413
545
17159
1784
1976
14555
69514
468
742
3195
1470
1169
1589
2763943
1855
3039
1494
3617
1654
7708
945
456
1193
1165
2047
2830
1782
75487
1980
531
2571
1086
1903
1765
534
1721
800
1624
2389716
1629
13047
1689
1108
1127
1152
455
3483
2198
802
3388
67202
532
2726
741
2313
1272
584
2909
2227
2922
1094
2425446
761
838
515
1146
4755
3473
898
1488
3242
83590
1285
1630
2518
2624
2056
5954
2080
1910
2362
13384
528
1120
834
3035
2057
1932
455
2266795
3450
780
891
3404
647
978
1623
67261
1525
1145
1131
3648
11619
2005
529
2362
934
328
1910
3942
3325
1195
2382120
1211
2329
756
1169
1173
5927
458
3697
1690
851
2171
78471
3363
1561
1757
526
1199
13652
2549
3755
541
4212
2318740
1273
749
413552
1175
661
1328
1620
1989
2925322
13089
3750
457
1752
911
2933
73238
281
1091
805
3496
2355
446
1156
2369
1463
1080
1443
1173
856
2356
1866
788
468
1096
16864
4767
528
2338612
906
20586
1175
721
1805
2787
4848
1975
2783
652
1071
1687
1334
5749
628
3160
159037
1158
2421
1015
8067
891
624
2275
2326
444
718
3480
1716
1373
1677
682
1682
3253
1484
5471
1483
1895
3212
154651
642
24204
1551
2197
3983
2070
847
1108
5079
2015
1731
1180
1538
17652
863
1078
927
5393
3505
734
1686
1869
1149
5066
954
2756
3514
1469
2537
573
890
641
1176
1218
18357
1256
922
1172
641
151849
772
642
1745
2733
1022
4084
347
1700
3463
2409
650
1507
5118
2260
1580
640
1161
1238
1163
1005
153490
922
460
18700
3512
925
3259
1528
1743
1231
3535
1547
569
1169
4414
1788
2111
1694
7096
1294
1164
153722
1669
647
1188
2404
729
17227
3712
937
1207
3562
891
1391
1742
580
1712
2647
729
2429
720
1756
3164
6781
651
1157
153941
997
1407
1662
2389
1183
1353
509
3737
1166
905
18315
4358
1539
2566
953
1577
3234
1610
5650
3522
1277
337
643
1977
849
2199
1196
1156
932
18088
1070
721
657
3452
1767
3265
807
158113
1954
945
5175
505
1150
700
1661
670
1155
2649
4073
926
1171
1177
4351
3955
1663
833
924
887
1445
1067
154275
573
17827
21809
722
3077
1151
25137
651
1220
5103
3242
642
1029
2655
1678
1987
451
3540
1172
889
932
152785
605
662
719
1158
1609
1530
19246
3315
5222
3096
5252
635
416
1199
2030
1319
1359
1695
916
3964
1153
3511
1162
1347
1695
716
156303
2346
3198
1664
948
463
798
18687
5174
573
1178
3359
1681
25004
3165
645
921
1631
1466
4994
1156
1241
160062
726
157184
2235
3328
5283
663
33088
1146
1179
157200
1269
18198
1754
672
937
899
11911
645
1166
2076
2396
1178
2385
314
1736
582
3607
2793
986
1766
521
163608
3820
714
21351
774
2735
5169
1646
979
7385
787
2537
649
1210
2409
1212
4597
1741
1189
1183
1164
170052
3661
835
1625
888
4903
1723
2027
842
7358
18870
750
927
578
3111
2006
1994
17158
1015
1663
3154
849
155634
1999
1028
127658
1649
1161
1720
640
647
1232
3578
815
1156
2563
638
1025
1172
101717
18430
6224
1194
896
1624
3316
2006
1197
2764
1604
3149
644
2423
1200
3478
1152
1537
2401
1168
1151
153479
19208
5375
1283
1538
1167
1196
917
1163
589
3301
1730
3225
640
3113
992
653
1732
2388
1185
2312
155216
18096
6906
1566
1189
407
3579
1431
1174
571
938
1324
1156
4995
2718
1614
654
720
2191
969
6534
1155
154873
926
325
18040
640
1178
4298
1122
2400
946
1178
3666
1190
2064
580
7048
3240
537
1673
921
1200
1546
2725
1158
155754
725
923
22117
1070
3473
1194
1177
2449
1394
1689
573
493
5404
1228
2556
1890
942
3653
3065
1252
162184
576
23208
1265
1159
719
3237
650
6096
1233
1159
640
3883
8500
2794
1958
5402
1856
5984
2781
1244
161174
604
4531
1536
22251
650
1170
1141
1956
689
919
2759
4137
807
639
1350
1168
1221
6899
1257
1690
157691
596
1723
2662
18500
3486
1208
1168
1175
4981
892
929
643
1151
661
3480
830
1167
5353
1710
1963
164184
1199
569
2715
1659
18309
5951
3260
1641
3452
889
928
674
1657
430
643
643
2443
956
1289
2522
721
2314
1417
1183
7020
1197
646
19326
5593
161864
982
1174
644
1270
574
4016
465
1187
764
1213
931
401
2140
5320
1689
3417
1298
1183
18108
3743
745
1813
3698
745
1215
162532
5305
2772
3915
754
2605
930
732
1210
499
1628
6537
3209
1258
18406
1151
404
584
319
1725
1170
503
163557
1910
1049
3565
2735
340
4630
2405
1212
779
7225
1180
1204
1719
645
18903
919
572
917
1712
1339
1754
508
1158
664
891
2734
1335
3703
2500
165762
3154
43355
3384
5961
1237
1219
63844
640
590
1038
17813
4487
499
1188
4254
1179
1834
16975
1189
750
980
3504
387182
4676
922
413
5135
3023
1056
5177
1212
2169
1883
1195
602
18117
573
1506
3765
1270
578
1167
2383
750
160008
1738
940
642
5077
4483
877
1311
2577
1618
1608
732
1175
18200
1162
568
405
4098
960
649
638
1159
150301
1482
655
1148
5060
3966
1609
898
570
357
1175
568
18796
743
16440
1169
1676
3453
1038
204194
1959
319
1424
676
572
5493
2434
3165
887
1419
1682
922
3567
888
396
17825
1464
1183
1388
158648
1249
1508
3180
1708
668
4071
642
2420
5142
325
1108
3387
2427
1659
1170
2697
2097
1314
2654
1390
1082
1167
1169
28227
5412
5850
669
919
962
151802
5475
1195
5306
573
2989
1019
2416
1690
1156
1176
3272
1073
2166
2766
2365
465
3483
644
1167
1176
1866
160151
18568
656
889
639
1154
6256
2161
1185
640
2066
1069
1278
2639
2504
581
3864
1700
1162
737
1588
4260
161348
1877
1200
1116
1182
815
1179
175512
668
3917
18271
5545
1409
925
1275
3237
1776
33918
645
2077
2028
1540
2801
2966
1100
3571
7735
7255
6122
1752
1677
1221
7649
3924
884
3757
1649
1085
6075
1179
906
1239
5585
2403
5929
1093
1598
973
2789
1832
2132
4550
1196
183548
2053
985
4416
1418
4056
20362
675
721
1681
2169
5230
2656
698
1505
1621
923
1610
1170
1407
2192
1693
193535
623
3371
658
5375
25640
1820
4445
1181
727
7541
2645
2458
3862
1235
4201
708
894
2740
181385
1635
2363
570
1163
2165
4355
2013
2045
1331
1185
18643
3142
7073
640
1678
2400
1874
660
953
1643
1178
848
2892
160848
1041
8953
5424
1054
1181
1874
882
1974
4114
18772
1165
1260
2972
661
3264
641
1167
1885
1185
2452
2651
400
1793
5134
648
1159
891
1801
1655
589
463
453
1159
1697
1081
1399
2028
163546
1229
647
18690
4362
1120
1439
1998
762
3779
2919
1609
4737
5450
1152
1204
1195
458
1243
1236
9105
334649
1049
1663
13781
1693
22318
9263
1732
7143
1703
1652
529
805
13796
1161
8437
1300
460
1157
912
2270
315866
1241
1755
1176
10246
1901
9318
21724
646
1684
6237
1786
10156
14398
652
820
7579
656
474
1631
1261
1173
903
944
310794
2585
1849
1194
741
1174
1694
1119
24254
1178
11787
7002
1178
1184
722
13993
1695
1726
1019
1044
13189
685
651
535
305934
773
7160
1702
2578
1544
23197
2046
1235
5498
1146
1701
10593
1653
1971
994
860
3225
1271
2145
551
14234
308348
689
3044
1190
1682
461
903
735
1246
1676
1173
1679
8693
1806
1812
9500
23084
1216
869
1656
15354
304953
7112
1659
1678
528
458
1642
1780
972
18426
1315
1182
1752
7530
1701
9110
845
13887
1750
1160
1880
12355
23541
1733
311237
529
2317
1696
12848
40294
1637
2155
923
7354
7151
6642
977
8932
1787
22823
1412
1741
1218
457
813
1188
525
312185
1690
1273
2386
13236
1126
919
5634
2721
7590
642
9528
957
810
23366
2226
1789
457
1186
1405
938
1655
796
684
308733
1191
962
911
17196
7366
512
7091
2007
8213
2207
22378
1733
584
2068
1647
1164
558
1847
817
837
2003
1183
315249
1050
14302
5599
1219
7804
1215
9542
1667
886
24227
485
956
1300
1749
1977
2248
428
520
618
1237
322805
1649
530
515
7130
7039
1177
748
1485
2842
8755
1634
654
13311
24293
6528
1789
2023
918
23024
1696
1036
458
644
1744
1126
3420
320949
1645
1229
816
1257
564
9812
910
8287
1296
13827
515
2841
1668
1167
1653
1557
1697
22465
4500
7136
563
6848
627
512
1718
1639
4245
1195
309862
1211
12555
770
1740
645
1654
1174
1173
1726
1159
1010
1678
454
6621
7306
8852
22336
3198
549
456
920
21632
2214
1181
2328
310983
5317
1646
615
12753
13355
1838
872
971
5510
1161
19109
462
1153
545
9200
1141
2812
941
910
2319
1470
315789
1230
1263
1096
22373
7752
1702
1943
1692
653
945
1642
14284
2716
5949
1325
3299
9142
1729
657
4024
1849
1232
3539
1293
1475
812
9592
2016
542
968
11227
8648
2872
13428
761
307921
503
22307
1810
10996
2466
1651
1582
1982
1677
1178
1680
803
2187
1848
958
1336
1220
1639
14038
7177
5500
459
7477
1200
3222
9630
321768
7457
27681
1651
937
1740
804
2031
530
1787
1171
342084
649
13664
1358
313423
1652
1198
2316
2160
757
1544
328097
1212
993
8588
1667
937
5672
310421
317829
23380
11036
7865
372
535
2375
1696
1216
8841
803
2932
2587
1963
2012
14570
7655
9840
1864
1801
1506
922
5619
324603
22965
465
1454
780
459
1153
1159
1556
1175
2969
1165
1667
12867
524
1606
1690
1647
1280
1666
7188
1149
654
9015
1850
814
671
1728
24812
313979
5585
1658
3293
1646
512
7735
3148
1190
2003
1157
1185
1461
980
1214
5467
1323
43321
754
827
910
803
1572
1585
13802
1662
293896
7834
1729
752
9444
1817
2227
1159
965
1553
1645
7634
2189
8359
1176
1781
21941
460
1178
14184
527
2968
1187
1730
1752
1413
513
1328
499
1159
10342
9296
298055
1181
6326
1668
968
1181
4786
2346
1886
24212
761
14355
1794
1279
526
2592
989
1172
1642
8552
6971
804
299297
7018
1718
1045
1214
1329
1838
1889
23310
945
12202
3581
2062
1754
1108
3085
2046
1210
9449
7250
822
10524
1311
1135
2545
1391
2218
350
904
24999
355151
556
856
2779
876
1726
424699
5416
1007
1246
8614
1695
2847
1079
7866
3040
1315
1360
15043
916
26394
460
1231
818
526
3092
1899
1868
752
6166
334078
7376
2360
659
1771
2117
10791
640
1193
15411
960
26506
949
1225
2527
1711
1128
1753
1640
2190
6040
460
9585
529
340088
2237
1952
2968
680
1406
994
970
25500
7750
3084
1404
1746
1180
815
2566
12759
2231
1462
1639
465
334499
13411
1656
6833
7228
1322
623
958
25401
1654
7942
1582
8996
15068
1392
1695
2506
7791
1367
1347
1767
2210
343936
12953
1922
7217
7875
1165
982
1113
22748
909
13978
2143
733
1011
347642
2735
1697
1820
743
2582
5214
1776
2539
1669
2552
6283
1652
1171
1446
23373
2850
1665
938
7909
2970
1264
2286
1762
2323
713
801
331894
17094
2839
753
1620
5693
1750
1269
2220
938
22504
812
12438
11607
686
1091
966
2273
1693
8604
881
1911
857
1118
3792
464
1535
2121
1752
801
3056
1215
13012
7106
331821
1184
23080
5469
1212
1461
1675
37062
1161
2683
1775
648
2319
926
557
2902
809
552
456
1649
9097
637
1177
312501
1357
9588
5526
11770
1676
1168
1118
2298
23414
1798
1780
13344
1669
1294
576
459
800
643
6263
1744
8707
1179
7053
1946
323870
5061
1644
960
1658
1741
24773
934
17680
1735
1422
760
470
899
27693
5446
1642
9803
1211
9579
1794
1034
1639
1956
349176
1042
1167
1914
912
14186
2590
1297
966
1101
1212
1705
23739
941
11718
3235
547
2552
42983
1528
961
1179
1681
1200
25898
336706
1205
959
2869
15023
5372
944
2154
8333
361
27152
1741
1787
3119
1212
526
526
1178
923
906
717
844
1329
1170
519
1637
13827
7533
966
1264
1715
26637
829
328036
1194
699
704
7325
9592
1233
1666
998
1159
2619
1767
326674
6774
2028
1878
467
1229
1727
1770
11865
14438
26878
1717
1643
1091
8765
11070
1767
14347
908
1590
3050
28527
3641
5503
8921
338026
2322
1621
11039
33737
2409
1431
3352
941
1178
2510
583
1113
2262
14290
1241
540
11230
5581
3904
14955
942
1737
1047
1648
4636
22896
7106
1298
313029
463
1156
533
851
1418
523915
1192
8209
1161
9299
5034
2968
757
402775
1646
1723
2251
1907
2239
1065
2375
27796
1217
13936
793
968
2525
1500
8321
1661
3970
683
8944
965
975
1672
310952
2156
4286
1224
1051
16357
5042
1129
889
5874
57742
551
1707
929
713
1154
816
1440
520
1587
3426
1627
51035
5149
1219
1045
771
17137
3801
2660
4803
1758
706
1073
556
838
1094
668
800
15599
1693
1516
818
1693
1413
985
667
893
1365
1123
2295
4022
5015
4779
3548
988
1424
86467
1085
1368
16829
1060
5372
1531
2705
1434
1706
578
819
1814
1304
1632
471
3723
5939
1793
3018
845
56421
537
1105
17838
1091
1673
5029
1202
1498
1957
89570
525
851
898
2648
668
3657
4311
1936
3490
962
1615
541
1529
1034
827
3678
345
22451
1094
1352
1706
2701
1420
52045
798
2232
665
6496
793
523
3092
764
571
824
1021
18557
2030
5393
900
3652
2699
5722
852
1648
1070
6265
909
1477
1408
52314
728
2409
1752
1527
3912
1344
17157
4812
667
1398
1072
1543
4514
891
9795
1564
3166
5353
549
1209
54386
3683
815
520
1706
2398
1740
1310
55573
2267
2973
1237
3665
757
3196
882
18024
881
6404
940
1021
1114
539
5617
2311
887
1083
1100
5840
50987
1473
1328
753
1633
640
11905
1047
2359
1395
5992
1643
3631
17686
719
4292
1828
904
1730
1551
4343
1091
1447
1216
48658
817
523
4517
776
2085
4272
5005
1887
3025
16826
844
4493
571
1049
907
1198
1731
4099
395
1095
3474
52814
720
1028
1328
1441
606
4764
2705
1806
3096
1694
395
1544
1123
17819
559
583
1070
2273
1295
4679
1143
543
1882
720
1198
2395
5436
4156
59278
2831
3780
1473
1544
1026
341
23034
729
1409
1060
1694
7136
1388
596
1793
1071
1423
1424
7154
4676
60689
1901
3427
1655
1420
2478
1758
18371
560
54904
1982
1734
7407
2032
536
1894
1172
2553
1095
850
1405
7303
1545
12516
3204
4099
577
5648
1266
18928
2278
757
819
1181
58033
1079
1708
1221
2554
1473
1119
1048
534
1436
1806
2071
3816
4442
7366
3411
6082
18602
554
889
1960
1105
1224
55753
1697
1647
1145
1673
921
57655
5322
1466
522
3023
1110
711
7091
1462
5346
38680
558
1850
2048
962
1721
1058
3822
2091
2809
1417
852
845
1574
1023
504
5272
1127
1592
17023
695
4324
52355
1602
74523
4046
1072
1519
3655
3662
1786
535
1063
845
531
2663
1146
4774
1107
1341
357
16875
4477
854
1023
590
703
58362
4790
3901
1382
1743
2450
2075
868
1202
812
892
2790
1444
1198
541
18326
6849
3491
878
1299
2214
4422
569
3762
1416
71969
1135
1705
2414
855
1679
1021
728
923
1962
1093
18411
5847
852
923
3048
1763
1881
4646
573
3732
1050
1541
51576
55120
5421
1422
884
520
2662
1733
846
3648
1711
19485
1525
11558
3071
573
1083
729
1025
1539
4472
4414
956
54394
5165
5063
4547
939
31446
1656
1349
1263
1697
864
1433
1439
1273
5804
4370
1344
769
3283
1093
575
55611
4379
1029
1226
6744
531
17683
1110
347
2296
931
858
837
1143
1491
2679
4939
1801
4777
1094
1707
1437
50682
2118
560
501
1067
521
905
5708
1696
3948
17299
909
1319
1545
668
3031
680
2575
543
1481
4716
819
56456
486
53101
2955
64163
1540
1021
2091
1529
1251
658
17543
1434
1161
1086
3410
871
2094
4075
29171
5531
825
3750
5606
533
1432
994
1272
78108
16238
539
531
1721
1749
2320
892
1246
672
839
2404
3158
1752
876
1094
1924
529
4498
1518
6630
343
19485
3735
5130
541
3512
55980
815
525
700
2008
1274
1722
1199
1453
1093
50574
2720
612
18214
941
1217
2857
1906
8079
5242
1857
18176
2823
4929
1825
4348
1121
1486
860
2137
548
3809
649
717
1424
523
325
1825
1683
49154
5402
1109
663
1701
5398
17442
857
1089
5497
2348
789
1778
697
1481
1848
2215
540
538
1389
670
6892
1695
6045
892
1018
3554
1452
16627
53342
4204
1460
1373
1077
814
1772
2131
2237
889
3123
589
616
5260
742
2401
3753
1143
891
1426
5446
58147
18628
3607
1208
2193
1318
4539
1073
1084
904
3866
546
539
5344
633
1455
623
679
2178
1119
936
59489
1352
3008
5108
1420
1775
5560
19200
1220
847
2641
1706
3421
4454
4241
1235
536
2195
686
829
1023
56377
3708
1671
814
1678
1428
2329
4267
966
840
1150
18227
5659
1589
1119
3421
543
615
732
665
818
57424
1054
8057
1963
1981
894
1585
1595
1781
2229
498
1475
4697
7473
1093
544
1821
871
1087
1852
19426
3014
666
3025
705
54185
1025
5956
1728
1752
1203
1706
60604
3739
1693
1050
4434
565
940
1622
815
924
1065
1082
349
3915
16107
1414
1518
1940
1089
1154
1626
7831
5283
1229
502
1100
604
847
5219
51597
1308
6606
1733
527
818
4415
18848
1061
1439
1063
6358
539
3023
1489
734
6788
997
1194
547
851
5320
1173
3149
1744
1831
4645
49087
533
1717
622
773
3900
821
17528
1207
1566
4711
4727
6134
619
4758
1585
1101
4404
1485
2211
23304
1454
676
4088
3586
550
1055
25648
18067
521
1642
3213
4603
847
3214
2875
1023
1195
18497
1430
53438
4693
1213
1746
4376
325
5334
1876
17459
818
492
1708
538
4924
73436
675
1834
1088
540
861
1634
1494
9324
54335
1781
4200
1412
4296
2123
827
17619
900
1580
847
2400
1164
811
3152
666
1926
916
539
854
534
602
6428
1654
855
50801
544
5783
4314
1416
17141
1081
1058
324
812
1160
536
598
1644
3015
841
326
759
1346
540
1625
4715
53358
52896
4333
5257
1439
358
1061
1774
4411
1466
1200
1062
816
16212
1310
2111
671
906
535
1631
5884
5300
54012
6707
1141
639
52517
1041
1694
3854
521
2491
8506
1102
4136
2499
814
1115
663
406
558
1413
1446
1302
50435
2276
883
1541
17330
1240
6395
906
2823
907
1135
4220
542
1155
1584
1568
3447
1111
1792
1178
1726
675
701
1354
2480
1243
3052579
1535
2528
502
1790
1314
244878
219372
1155
1553
1289
2429
1010
1788
1264
1179
753
1379
870
953
704
826
3086
3234124
796
1681
2737
255510
1255
889
1159
206479
9719
4396
7463
10110
5149
10415
12675
6612
4387
8286
1944
3239
4342
1185
1407
1317
2297
4977
2094
3840
2258
214778
10057
3870
9927
3050362
1551
711
1830
746
1192
1459
1093
2390
3630
499
674
703
2214
782
534
211363
1250
2829
868
656
3236139
685
2389
771
1379
1176
440
2253
1906
2226
1550
2398
1759
1318
931
3036
197526
686
597
701
2390
2274
508
865
713
1457
974
486
823
1183
1156
1186
2995714
2652
729
1351
1965
774
983
1535
518
3487
755
196874
1264
873
711
1475
2037
870
1358
393
488
1071
337623
1171
2423
672
1155
1008
1587
2893896
2570
900
708
1259
2851386
718
1543
1703
864
1175
787
485
1801
190251
1166
2400
675
1309
1011
1595
1791
2376
906
706
1176
2891673
193707
1340
1681
767
1177
2759
578
868
888
1216
1245
1418
1243
506908
692
1263
1087
1798
2677
1358
546
211594
2655
1700
1540
702
1481
485
887
2649
1186
950
2390
4866
918
672
2820409
1086
4022
1887
322
1186
1161
1034
740
1686
1554
1523
485
201879
1449
313
13132
1169
867
896
1164
695
3449
1016
1827
1525
2100
1201
1330
786
2868312
706
1563
717
797
1204
192425
2627
587
1172
1475
2240
1253
2333
1063
999
1684
702
668
892
979
1188
1027
1219
700
2053
1482
996
801
2401
1574
2090
765
204041
487
1281
2409
2880948
2696
1905
1690
4315
613
830
1206
1424
1178
1276
838
1243
383
883
2416
840
1365
935
1353
489
702
198173
788
151611
2447
1470
2910782
628
2013
1202
1187
3138
1697
726
2240
1254
870
396
710
888
13807
1158
2426
490
1311
1379
1506
2959032
1009
1923
1519
1181
2469
1787
688
1635
1515
1253
717
717
868
892
197232
3159
1408
487
1004
900
1459
3025248
1180
1836
6335
1312
1711
2453
830
1158
3414
703
1547
2930
1498
201653
896
1252
1302
557
721
1001
1174
785
1761
705
1614
346
1180
2389
700
626
2312
1103
918
2434
975
2973904
1691
199781
1592
967
1987
712
578
699
1405
1238
843
816
1554
673
1160
872
1187
1909
1007
357
1222
2435
205377
1191
875
616
1467
2982198
1609
2414
712
1277
785
1689
2445
691
864
562
1948
1146
3140974
487
790
933
1611
217923
2553
1067
1186
1227
2436
1486
1278
713
800
2014
1521
1782
689
935
1964
2889631
529
1338
1020
816
507
2458
927
1222
1334
246119
3158464
1648
1323
1002
1547
2424
1701
1555
868
1857
676
291985
488
3395
1483
1133
773
2407
1201
741
1256
3320704
1692
897
1519
1956
2430
1687
1313
4572
930
3337
1338
953
230416
870
553
614
1056
1027
531
2564
1233
3975
1151
3252
3302279
1484
1352
1207
1315
2895
30130
3272
1069
488
598
1776
2173
892
1424
695
513
861
849
1861
789
2478
1284
827
1451
1172
1803
1165
2965
457
484
1208
223710
3051434
874
1861
932
1665
1065
706
1822
1521
676
2580
720
1298
13655
1185
786
2407
2100
712
1621
1599
2896728
496
1823
1313
1660
897
705
1391
1400
2258
881
1007
645
1260
2446
195792
1182
2869
788
716
1848
1473
336951
610
2987994
1588
5545379
1960
1572
918
1332
746
972
1734
405
740
1012
1187
2855
790
1856
1276
1496
1285
208852
3059503
1172
2764
1732
1588
893
533
678
984
1706
1735
2590
1010
1352
5456
1215
1838
1808
1572
714
1340
737
1216
1531
4495
1725
223290
540
3086518
551
1232
888
1599
1009
2626
1153
780
1190
1312
1829
739
3029385
803
726
1162
1766
2436
1562
199727
3352285
1183
642
796721
1683
286
1031
1099
2699
511
1677
1296
707
728
2038
790
350
556
1223
2480
497
1858
3545338
683
1494
234381
1408
602
1234
2574
1246
2953
1301
1022
784
1819
994
1298
903
1231
2417
4874
910
2526
3549465
1489
1497
1683
889
250124
706
909
1404
972
1308
1925
3704
820
24071
1604
232226
2552
2606
1059
1185
1184
2089
3382321
882
266887
498
352
262064
715
1190
1256
720
1294
635
1971
810
1489
1318
2901
1620
4574
2097
906
619
2505
3549850
1196
893
497
717
853
1546
1268
234836
1220
2782
1349
1175
1548
1514
1748
3045
1004
3664
2452
1704
3331119
713
1162
789
1209
717
483
1252
1188
2045
516
223208
1295
1360
1547
6571277
876
676
1007
1455
1241
586
664
2493
1160
1822
2683
833
747
1729
1815
1432
203251
898
802
1528
3825159
992
685
1794
709
1251
879
660
509
3252
487
1172
642
708
1172
353
2651
716
1009
1115
1755
237349
1815
1483
3564911
3076
1686
3527732
1645
2267
1033
2434
548
1262
740
1137
1176
1796
2496
987
1062
1731
1050
975
5471060
902
2768
2902
55731
1674
248219
1024
1618
758
1228
313701
912
2313
4503279
900
7021588
461
1013
1219
2466
1411
1043
1214
4368
3684
270449
1181
1493
862
1497
1834
654926
1979
1964
893
942
2699
1343
731
347861
515
514
753
2119
1156
3735
2024
2135
1327
1503
543
4700
828
3636418
2759
937
1189
1872
475
2840
521
247363
981
2926
2465
1282
1706
2429
486
1378
1295
898
716
2430
5478
712
1193
3634720
1249
720
2002
1780
226113
1074
928
1898
1261
1651
2489
811
809
1179
499
982
501
746
877
1204
2804
692
329
1186
1614
655
1981
1068
692
659
527
893
1321
3505312
237987
1846
2169
3439
2522
1193
699
946
793
1410
2472
983
489
1834
1758
1014
1166
1575
868
509
3475960
201784
1382
1244
2569
2425
719
1215
719
902
2439
708
673
742
494
683
512
1696
488
880
2113
1746
3155
1577
1294
1025
1314
628
1458
1983
1748
518
1644
1479
3792
1700
11578
742
1442
1146
1158
1170
1775
3073
11687
1308
1001
4362
1326
934
1290
1305
3595
1663
766
599
1463
1677
1474
1537
3459
1146
1163
1738
1332
1487
393
1168
982
325
773
1817
1252
521
1352
3750
1703
380
1471
649
981
1788
11598
1260
3211
1466
1319
1727
1240
1179
1372
1432
768
1710
1197
1297
3714
1645
513
2212
640
1533
976
11814
595
2105
3050
2898
838
1463
1274
4500
1917
1836
1893
704
1329
3121
1643
1572
605
1287
1994
742
1285
4330
1473
3493
12888
983
1362
2841
1234
1461
389
619
658
4094
1961
1692
1748
1811
1428
1259
1715
1275
1299
821
1729
11683
1045
4102
975
1300
1166
1301
4007
1147
1465
535
649
1801
1707
756
1280
1025
1468
2956
1327
1467
1763
1340
3143
3685
1211
2148
1242
12822
2237
1489
518
1148
1492
671
3703
642
1634
1925
1439
1956
1432
1262
2716
1001
778
1452
1690
574
1180
2046
1675
3741
1264
520
11744
1494
12243
1197
1341
1662
1660
3177
3772
1466
983
1282
1161
1757
1786
760
2347
1180
3800
778
519
1370
5029
1514
479
1328
1157
1580
12383
1452
608
1944
685
3135
1289
1174
1581
1478
1111
740
1181
537
1274
3834
1435
1667
1707
1054
744
11659
2383
1737
600
1672
3223
1446
1170
1758
1159
1160
1040
1185
560
513
4036
1974
1350
1855
1456
4288
12388
1915
1445
1292
1466
1879
2234
1296
1168
1729
1190
3037
988
596
968
642
976
536
1278
1277
915
11537
1449
1445
1266
1492
1743
1566
3606
1405
1765
1892
3588
4803
766
769
1644
1665
1130
535
1987
640
11867
935
857
1264
598
1564
1269
970
1308
1668
1146
2148
1578
1317
3004
3262
518
1482
1731
2121
743
624
988
1174
11926
1127
1448
1298
969
1697
1680
3587
1274
1647
1210
814
1353
1347
1249
3079
1669
515
1444
988
595
1248
323
11519
1221
1494
1737
1473
1784
1307
1188
339
3628
1694
1276
1462
1301
751
3015
1689
1493
2021
1295
1160
1999
603
11559
457
649
2259
518
972
1462
1746
1279
3669
1198
1316
748
4755
970
1665
1446
1465
1741
1952
596
19461
980
1490
1339
519
1521
1205
1794
1686
1399
447
1108
3619
2172
835
3151
1259
1205
2886
1813
1438
1028
742
1458
1446
13868
2343
1442
1160
541
1458
660
1747
3699
1197
3752
1669
1272
3140
1169
1932
1342
976
753
1813
1329
1461
3202
1453
11983
1172
643
1583
831
1811
653
1325
3687
1371
1662
1175
1679
840
1324
687
3169
1281
829
1509
1442
747
1159
433
1501
1555
1045
1729
778
12015
3643
2603
1215
1718
1348
520
1318
1654
1168
1771
2998
1436
1811
1220
1891
848
1471
596
1707
984
12621
3867
1287
1298
1671
1297
529
1346
1705
1146
2189
1274
1006
1484
1156
935
1891
748
613
1653
1020
5264
2389
1288
1453
1669
613
759
12559
1534
3636
1837
2519
893
1193
1484
1270
636
1279
1586
638
1647
1098
805
1602
1240
1868
558
3097
1846
2297
5243
2242
14879
953
1997
1456
1156
1580
1943
1503
3516
6015
1660
673
1335
1766
4818
1430
4221
1270
1593
2080
532
1832
1727
1679
812
978
1155
1447
1440
3118
1476
1183
670
1726
1164
17105
1266
1689
1770
3213
1303
516
4860
2640
1702
1660
1921
1886
1740
675
700
346
2214
1072
1602
1667
345
773
1978
3186
12436
1189
1929
1739
1571
1522
884
3677
1775
1559
1302
1733
515
613
502
1351
1412
1677
949
1496
909
651
1207
2041
1692
925
3439
1720
1753
1289
3568
1685
12117
1335
1540
697
1985
3812
593
3734
524
1499
1822
1709
1173
1749
819
1619
1075
1801
1869
1689
1643
1355
1641
991
1156
1107
1275
1563
597
2987
3720
2355
2821
520
1669
1567
11721
993
1438
1060
12283
542
482
1466
1175
1835
1148
747
1597
1450
1315
1921
3248
1216
1665
3720
1807
1039
600
1731
1802
1823
516
1220
1437
1660
1705
1787
1254
1457
13394
819
647
2142
1806
4059
1281
1260
696
1763
1647
1063
1492
2394
4264
2412
770
1009
1353
5183
2070
2357
1788
1631
2110
1878
1482
1893
339
1218
1272
647
12576
1367
1559
3014
1693
3714
1384
1708
3668
3191
2339
2337
1457
750
1394
1395
2632
877
1165
1159
1255
801
721
978
1721
1906
11936
1829
1173
1283
1827
3583
618
1487
3001
742
998
1304
1812
1830
3893
2326
578
966
947
756
2347
4016
1567
2210
1278
1870
617
1064
1883
1709
1146
3790
847
3286
2498
599
14479
1809
824
1975
1292
14804
3116
1310
2073
1301
745
1304
1720
1747
1388
992
1141
1675
960
1573
1796
1556
1693
536
1725
2503
676
3640
1672
2967
1327
764
1291
1439
1304
13875
3098
1676
1205
1878
1592
702
1792
985
1663
518
1893
1820
2413
3683
2296
1084
1505
1672
1307
1353
1479
12705
1220
740
3019
1306
2301
1592
1353
2439
1804
2406
2065
2093
17068
2361
2013
2356
871
1580
1774
2381
738
5095
8576
2566
976
4345
1451
668
2289
1430
1983
1250
2366
12346
2127
1766
1019
1662
2147
827
399
1701
1154
1250
1497
1509
821
2992
1813
525
1556
4001
633
1326
1164
1941
1836
12266
350
1438
1205
607
12601
1068
1147
1583
1072
755
1692
962
1123
1796
3226
1362
3691
1484
2657
1278
1869
1120
1168
3084
1473
14673
2269
4073
1392
1156
743
528
617
1048
839
1701
3026
1663
1533
1628
1256
730
1537
1177
2231
1683
1924
1405
1339
1797
1360
1381
745
855
1391
3738
525
1026
512
11997
1936
1740
1605
1447
742
675
3168
1688
1188
1147
1926
1754
1874
1273
1283
3056
1524
11903
17856
1707
1294
985
1344
618
1710
1677
745
3678
1875
1536
31584
3210
1451
27225
1452
932
443
346927
922
778
2230
1191
1300
2924
1202
1731
6214
1588
1167
19358
2652
648
3228
1216
32435
1641
27382
891
354610
712
427
2476
1353
955
3382
1034
1966
8153
968
2247
1234
3226
2140
1606
1205
2457
1232
1574
35327
1183
355318
424
902
26259
582
1168
964
525
31972
777
6124
262495
2494
3072
1474
34833
1342
1180
1703
653
1433
1220
1769
1217
1004
420
18972
29821
3437
16756
34673
1579
830
1192
571
5967
353227
371960
1187
3097
26140
2437
1240
1750
1429
651
906
2175
1186
1698
34105
431
22351
2475
2425
556
30332
1249
340129
5196
782
358827
6118
1227
2517
2491
1429
1347
1670
1692
2209
1212
1334
34386
31437
1263
1173
1494
1170
26945
33754
778
894
5926
1881
1602
1779
635
1173
1450
18998
774
1680
524
2454
430
355
1749
635
1164
1190
334164
2130
8244
26316
1176
2281
30885
32808
3057
816
18041
895
1699
319826
652
2435
453
1198
526
1435
1226
1169
1166
5933
27178
1656
2274
1178
948
3063
863
32210
1066
3267
3018
2618
18957
783
1208
1185
334448
1171
1218
5911
646
524
3107
1622
506
417
3091
26342
648
781
649
2491
30784
18254
1437
1204
1189
649
1193
1668
1204
525
6348
366
2268
1185
694
7147
335399
27917
803
3177
2792
1249
1473
654
1466
1167
664
1659
895
1194
424
6112
1288
628
2208
31713
18433
338951
26802
3173
2114
2480
1170
1206
1236
1432
324489
672
1717
909
1165
420
6239
1182
775
2233
31481
282
18304
26520
3069
1168
2355
2442
1168
1207
1082
1179
1489
543
1680
2288
1541
1175
28384
1298
6380
328678
1573
1208
904
3250
1170
477
31665
3081
26931
780
1404
2543
1169
532
1895
440
19279
7579
21639
2283
1166
1591
1661
350823
4853
907
1583
32961
1169
27035
3202
774
1246
2449
555
1180
296057
1275
435
19873
2267
10063
1794
2675
1181
2249
1174
21132
1102
879
1185
1655
1416
1232
794
1118
33622
363058
3125
566
1452
658
1398
1183
428
7528
2525
526
719
838
33100
1685
893
651
2366
2818
973
566
33398
362050
2226
1172
1697
1197
1216
1404
18393
3314
644
1291
661
27521
6081
717
1229
2647
895
428
1387
1196
379402
1167
32996
1786
1717
2510
774
4471
3508
20662
1177
2510
33191
524
1270
650
2494
45733
1005
451
1797
350441
1205
433
653
1769
36860
2274
6270
1628
1531
29886
3051
20193
1300
938
1219
1197
1600
973
1341
1303
2447
1166
421
534
548
358139
37174
6111
2217
1530
10951
687
20229
28126
3161
768
2242
1377
638
1307
1163
1194
1529
1844
924
1231
3106
2576
32532
1235
577
22387
495
972
3316
1445
34400
1302
18485
6151
1171
27508
774
1180
421
1162
1190
911
1885
3065
1237
2650
348821
668
1202
2667
2324
37197
7173
282
1598
19185
1166
2117
323
904
814
1203
1661
3677
1210
3116
1684
1203
2869
27420
1386
951
346163
1066
2440
345843
18065
1628
3000
2390
3085
1460
2157
1205
3859
1193
536
31728
1168
419
895
1201
1370
3240
663
3173
27950
1265
6274
1279
1205
1277
338
1151
1438
2020
2584
1680
32689
1158
354097
552
661
554
903
559
773
1243
28066
2377
3891
1186
1200
731
670
1363
791
1560
1545
19806
6378
2589
32955
38031
380052
852
1529
698
1249
7937
1541
1320
2288
3243
1214
28186
17414
774
1166
6094
18474
496
1204
1533
1205
38839
372937
918
1664
1437
830
522
31697
1260
2474
1253
526
534
1458
1238
551
2088
1391
744
4548
1595
20480
1193
4202
2830
896
5989
432
521
1432
783
342692
32254
2216
1167
1597
1182
33112
372280
1456
1464
533
3121
284777
507
444
23406
18377
1793
1198
2555
3660
1434
6271
26817
787
2458
2505
1244
1181
18641
30846
4161
1271
356894
3894
422
533
31045
104299
1690
931
360
23625
1194
1387
1620
1186
2208
6106
772
1184
1336
1175
1446
338154
2423
1202
525
34655
3199
1768
655
1272
887
420
22970
26189
1166
1582
2199
1156
33878
1168
1279
832
1260
2617
25926
344087
6061
3137
1668
1180
768
3466
537
987
3600
1472
17942
1167
1469
2205
31143
1281
28136
5905
1253
1173
1178
524
315745
1654
639
3115
5874
1191
887
1422
417
17703
1200
2409
638
1172
1198
3134
1525
1191
32191
25252
1156
767
537
321072
25961
5835
3414
913
936
2177
1176
1649
1460
29939
433
1180
2992
18703
1190
1331
1161
1170
780
522
324879
26075
5915
26089
6811
6716
887
27888
2180
1645
649
1226
1425
3039
842
2401
1726
419
1203
1148
983
3762
772
535
1190
2305
1428
18111
1166
31191
1775
26625
665
1257
322549
2263
2249
422
2483
908
6597
942
1179
1163
767
1150
26899
1710
1593
1300
1351
534
30946
1426
1292
1563
19044
338621
1648
421
931
1179
7675
1271
3070
2849
1400
828
296
1160
1300
1170
28444
33025
1421
552
2740
18337
334543
1711
328927
894
1193
5852
1178
3051
2523
1152
918
31085
2123
439
1292
1155
26728
1463
7259
1195
2198
18012
524
323957
909
1161
1164
665
3041
2427
3013
769
240952
6125
32387
1164
438
1556
2549
665
1196
5154
1188
2196
539
6005
1571
3035
1637
911
2634
2648
1504
767
336523
34448
27142
1326
432
1165
1633
2990
19232
1212
18714
528
28823
1344
6159
1908
1088
2915
3014
1445
973
1201
2256
27122
356218
20891
21250
4345
658
1643
4245
1193
1644
423
1283
1198
577
37065
769
5984
5937
14611
2412
25925
1162
886
51693
765
1024
1215
1260
435
1638
1451
3486
3111
737
336776
36174
1600
2110
1200
32932
2194
451
770
889
1170
19228
770
27818
6125
1327
1670
1465
2560
3525
1665
1300
334677
1193
1212
1229
29879
653
419
529
2191
894
1156
811
17729
1592
5854
1438
640
1684
1588
2396
3000
1508
1187
25915
825
10247
4277
7150
2133
512
849
771
3921
454
12443
1245
2793
514
2040
78023
1421
9789
1181
1325
4109
557
1278
11513
2035
4096
1627
6183
1564
1031
2295
856
4180
1458
1735
756
7157
2389
2894
1107
2361
343
82776
1317
10630
2245
544
472
1525
592
623
515
782
14089
641
1272
338
4293
324
1551
3162
10762
2121
779
3884
79317
3026
1323
1361
358
2038
1187
7399
9734
12413
2086
3508
782
3896
463
811
605
9367
10108
2163
1597
1290
77401
1329
1430
526
324
2032
7211
1144
12412
9645
2816
790
3503
793
76266
540
3918
777
2284
1722
475
1171
2047
781
1365
636
734
10203
3845
1016
7077
11850
2811
525
13168
3411
1729
1145
12629
3550
3972
11194
527
99784
1439
643
777
610
2019
1479
1186
1318
455
1559
7168
3282
4830
3449
11261
2144
12920
9672
391
774
11150
4068
77762
1180
771
875
527
1171
2946
459
1323
2036
1165
1351
3423
9969
335
12321
2137
514
2886
9461
3894
1107
769
7064
737
75993
1214
803
460
1482
2025
1149
628
3447
75429
628
2157
9846
519
515
1354
122089
2779
12277
774
3993
4034
9759
7280
777
1328
549
454
1184
2321
3361
1151
2175
108393
10103
513
343
528
2814
457
3769
1355
769
3900
12788
7244
108410
1500
10076
775
4338
1175
1364
1144
3692
2064
514
1308
5096
4266
973
15870
990
13469
466
2643
6266
12793
2292
5449
77867
487
2804
4188
609
79015
404
3385
2029
1165
510
772
9878
775
1183
771
1320
8318
1364
12242
513
284
4134
2155
453
2797
10001
3933
83399
2035
1328
1189
790
9874
9692
1156
776
3738
514
1366
50689
12221
518
1546
3403
355
1451
513
3892
512
2121
9944
2945
1020
772
2040
454
10256
1157
77111
10234
9689
5440
2356
319
12953
280
345
1357
2039
9723
543
1367
2167
2797
1023
402
528
1177
10448
7545
3927
529
10285
81939
1144
12689
4081
802
1373
1367
2025
3729
1004
2273
785
689
2859
1540
87016
9841
7640
3762
515
10123
2867
3100
1126
3883
796
9632
13147
1397
2030
1365
2988
1183
2145
797
860
81895
3547
1550
9652
500
1266
3088
11092
2260
1028
829
4141
12832
1504
1533
1432
7201
2069
1145
914
628
635
534
1161
632
940
9696
80461
3715
2181
3015
10096
4045
465
12641
777
12864
891
2140
1161
3522
7159
1353
2433
531
790
1179
10074
516
537
7172
12874
3781
4088
10087
78086
639
4573
1359
464
769
2123
3676
1357
3786
2783
772
2696
1238
513
14493
9791
7277
517
3940
836
78430
2535
10095
115255
455
10407
1150
2207
1354
3721
13458
2836
1375
2199
778
12320
1401
714
13120
457
1222
768
3342
4243
1012
559
10252
948
12657
9713
79888
84602
60519
7541
4289
2179
644
2737
778
1372
1169
15813
3009
461
1553
4223
3704
531
1318
2072
10137
543
778
1611
82739
153894
10500
2123
8786
4223
964
1687
1333
22769
2816
828
3441
788
3029
3914
12562
43302
9526
1396
553
1170
1350
551
510
12630
3818
1150
676
76251
2161
2901
2137
769
793
7511
3478
3872
10086
10044
1383
57797
485
10226
1383
514
531
673
1158
14529
3763
617
2019
4968
2140
767
1173
7309
11688
3580
9618
362
4015
4121
454
2913
781
525
1395
77940
12598
1219
1410
644
2018
12482
3889
1486
2207
2800
7542
658
518
10734
3605
457
9623
2959
5395
3920
1363
778
1170
1006
516
12429
591
1348
638
2362
78197
7151
3750
776
2125
3529
1374
1187
9989
2862
644
3958
458
1261
15597
800
13237
516
1325
534
1053
2310
7826
3694
89472
778
4621
1827
2124
1579
11532
3403
1170
2780
2683
1191
11567
483
14503
548
515
1158
453
7363
893
2075
3693
79937
3026
805
4190
9770
3536
2131
2814
7491
1332
1316
2403
12875
514
1253
5713
516
647
10466
476
1141
1663
1605
1822
1212
614
1359
7329
1465
3781
9371
2829
511
699
317
2380
2765
12753
1222
79118
1460
798
2053
3393
18706
7087
784
1456
10021
777
1497
779
10255
3797
947
3222
2819
515
1153
12672
3946
1748
2290
16533
1352
1252
87312
1336
938
520
525
772
7554
3432
517
770
10290
3775
1192
5335
1286
1281
736
2924
543
1697
2025
2540
319
525
4042
9796
1335
12258
459
78982
788
10071
515
2171
1508
337
3170
3750
2374
9575
1500
9895
2023
8767
629
1143
779
567
4616
774
1188
1353
4019
783
12489
3521
15543
76585
962
3853
512
452
9648
7200
2888
1343
2234
2122
513
1161
770
1086
1482
4016
1227
12617
7268
1397
776
78029
4007
515
2044
1352
2147
2691
9834
484
1935
2984
4721
965
1414
406
350
10164
3177
466
7342
4341
338
85078
778
553
4284
787
2079
2145
13368
1385
2859
1733
1334
1149
3858
10612
11012
2808
534
4175
1652
514
83258
12525
555
780
1990
629
793
1289
2326
1379
3555
13525
1176
2109
10281
7782
16889
4051
4348
460
655
4720
1441
3448
1430
517
2069
1160
7667
523
771
1366
1181
647
2591
3408
4001
10422
7766
1733
10217
82665
14398
482
2031
1447
2800
4368
1628
1853
520
783
1371
1255
1609
2155
3670
4182
718
10300
13294
802
89017
12659
10062
2290
467
1147
4140
1318
14951
576
776
1902
17116
2811
1168
2268
4592
518
5532
7639
155279
852
10102
10677
2077
460
1145
9274
3904
1349
518
1035
1358
12817
2840
1217
2123
3525
605
3702
12563
80480
76742
989
10023
802
464
1193
7169
9683
1322
512
820
1372
352
3869
4017
2139
1286
3455
2956
513
3440
85414
17211
2061
11258
776
454
1144
10571
19897
7365
695
1337
781
512
1479
3796
2336
3955
2794
5256
3448
3327
82357
3327
13674
16754
4885
788
782
10269
12384
1193
2022
1174
641
515
516
7180
1333
453
3950
4530
2158
1075
2028
1901
1179
650
6605
997
3187
937
743
38268
1576
1658
774
1009
3088
761
1454
725
2709
3067
771
2105
1886
1630
650
529
982
745
1170
6268
933
748
1631
38425
1063
3280
860
1504
740
2756
3084
808
1771
1008
1647
780
781
2954
724
1007
1184
2122
929
738
51903
1941
6550
839
550
2230
2722
2979
692
1790
1224
1678
754
784
837
1967
1204
1156
3165
946
788
1752
1767
6518
906
923
1663
42001
5133
1041
1155
1007
3311
1314
1600
658
722
1900
871
3785
988
347
739
2827
477
873
621
1476
38560
3187
6252
991
1169
1879
1656
761
1724
649
736
1940
796
3194
812
2844
7113
743
613
1005
1189
1132
642
2119
819
453
2990
1103
39052
1723
1642
756
2041
2661
791
3166
1428
2968
6273
1215
701
4272
937
736
1184
651
724
1772
1683
38555
999
1872
772
1947
996
1698
766
2934
2820
6261
1613
1269
3135
2949
935
3210
1520
1181
1429
721
648
977
908
548
1719
1916
702
768
3052
2872
2969
1639
1596
510
41215
1032
934
1303
2932
1425
837
701
1157
999
296
650
761
714
1890
829
3411
1908
3167
6276
1607
1360
755
1566
838
2690
1004
2934
275
1496
725
11623
1019
38117
1035
49169
744
1712
1254
760
1011
970
1612
3239
750
1604
1927
712
781
650
1531
1208
2439
6808
3498
2699
40234
1013
1722
2937
704
1153
1393
739
4089
1057
892
781
1543
1695
1312
780
755
1627
1053
6491
1890
686
4123
43182
1986
864
818
272
1044
3186
976
2439
750
1265
1584
2692
39594
1455
1492
1153
1742
1014
832
6306
1928
3127
1711
773
717
1007
647
957
1800
3318
763
3976
1591
38937
615
935
1216
1664
655
984
6271
2854
2863
781
740
2981
2942
661
1897
1611
3102
2975
783
1009
277
1582
40633
653
1432
1757
725
1171
7002
734
780
742
4713
3817
961
722
1893
1665
3339
2269
1007
996
86421
739
2858
1485
1661
829
2126
1161
730
2450
1538
696
4045
2953
6486
2726
769
3135
2196
492
765
7010
1018
1165
40810
1661
949
1382
952
3075
1576
2780
952
656
1532
1612
1165
2955
1471
1979
908
1007
2727
3251
784
777
41003
1000
1682
771
707
1907
947
1324
650
6339
853
739
3011
1718
519
1204
1448
721
1006
858
812
3281
1009
1444
38711
1857
543
561
984
2717
671
6341
916
2942
1628
706
2129
660
2017
936
1893
697
1648
3079
771
1075
40589
705
731
1659
1389
1163
644
837
6305
2453
849
1556
2966
1432
936
2758
861
1012
2579
3091
934
39025
717
756
915
3245
1569
1042
1731
903
1220
1013
2548
1495
6915
1018
1004
3637
1514
3047
6246
5095
1682
759
884
57098
744
3073
985
1579
1711
1179
775
1884
772
771
1016
953
3663
726
1522
3168
1274
3530
695
7707
1644
48436
3728
1621
8820
6973
1182
998
1613
1941
16328
415
53096
2321
1036
2235
756
1498
680
2695
39693
38670
2944
711
1587
869
2449
2259
806
985
769
1769
1041
739
3090
910
963
861
1574
3822
1023
1881
949
293
714
3140
39759
6660
1425
658
981
959
1075
1799
738
771
1728
1665
1124
1281
811
2913
1587
2018
3188
799
701
755
1889
2188
1494
653
1519
7424
1070
1426
4041
1953
860
39374
740
1038
2695
3028
772
654
2097
3217
1751
3202
1598
2857
1469
1175
762
1036
968
724
2801
1710
684
1428
934
702
1004
771
788
1691
1234
1637
40148
3153
6552
1621
2944
1883
1015
985
1400
796
2697
650
1436
939
700
787
933
50348
761
917
1574
1155
3402
6412
1677
1614
1941
2927
984
1015
2424
865
737
2711
941
721
1187
769
957
1304
39264
1426
962
832
1664
499
1642
644
667
6924
1186
1678
1695
2485
1619
658
1642
3075
2022
955
781
732
755
572
38409
537
808
785
393
2974
7019
1057
4734
1013
3362
1660
717
1025
1516
914
2055
456
2314
1617
795
691
2832
756
1346
756
943
1160
996
645
3171
738
2694
6600
472
743
1468
1685
2914
693
1679
2776
797
1626
39604
5346
318
944
1230
1891
715
981
738
754
4573
624
3298
38430
2351
1510
740
2123
1586
766
1762
1454
1693
633
669
1018
3098
584
754
1214
1001
1890
3151
790
2813
6299
1529
854
773
544
38007
5116
39416
1780
874
1127
983
1632
1659
1609
3069
737
1280
475
2055
2688
6921
718
1422
1091
657
795
3408
42367
907
17202
981
1042
595
41098
3075
721
3170
788
1294
861
1940
1673
14205
1087
3149
3671
2219
3698
2036
5871
3234
1310
1070
1289
43857
948
1386
938
1017
1540
3211
775
1187
702
649
7580
1898
1581
1834
1728
2948
3061
721
768
1514
41051
989
990
1026
1020
933
2766
757
1320
482
932
673
6386
1742
1998
1600
532
4780
3262
321
1569
3100
1434
784
1659
830
949
1011
2827
881
15426
1176
1016
6369
650
981
1709
761
1890
3051
764
1632
2939
1519
1175
725
774
1678
848
2716
822
38344
1157
1036
512
3141
1066
6415
704
1653
662
740
1596
2922
1626
942
1434
741
801
1657
1905
2795
38581
1274
763
1020
3227
983
913
6396
1240
676
744
700
1583
1653
2938
1472
946
771
1566
498
2191
2946
38896
660
1297
3121
863
3582
1178
2470
1028
6329
774
1435
7383
703
1563
1670
2959
993
1604
752
2844
1877
652
1018
1158
3117
949
1068
1755
503
6358
744
615
1017
518
1545
38764
1668
1710
775
719
2759
9096
714
749
1188
2974
1897
983
1656
758
1593
1005
938
1138
760
1596
38722
1669
1034
3125
755
2710
8243
764
619
678
2414
1884
781
1016
1248
723
2932
684
1601
4071
1182
7086
1575
1113
1134
2361
2230
667202
3025
3138
8370
794
1619
957
535
2078
684
2082
7582
693
4116
1445
7312
4147
1125
1661
2343
2552
428
657571
2712
1815
793
1656
1132
529
968
1823
2220
7889
691
4201
6868
2273
8402
1128
1885
1627
1636
939
637915
685
658769
2391
1257
608
1135
1215
2005
2573
9409
1007
2064
686
866
7597
8406
6951
1126
1797
2219
1705
1292
1909
1495
1360
8662
18223
2707
1261
2358
4018
1793
2218
18115
1553
2584
7591
15523
655828
1425
2541
16313
1038
563
1328
729
971
1201
7266
1647
2075
1252
2044
546
1908
1125
3963
2512
2634
1774
8447
1153
679107
1032
1297
439
4964
3669
2040
2772
8492
963
2009
2028
1497
1568
726
788
2518
3103
673
1696
1189
1292
1819
8537
1276
1157
1877
1863
688283
1045
1207
6985
2052
1017
1207
4305
6886
7653
1623
684
531
2492
5627
1932
2419
8570
1687
805
1149
740
974
1843
709419
2056
2526
1140
4037
6840
961
810
1070
1381
148811
1378
1220
602
2938
2716
10710
2101
2037
11220
2489
3003
1837
2046
8733
1671
806881
765157
6980
882
3114
1935
10953
1683
714
1028
1453
9077
1195
1625
1915
2505
8779
2694
2485
2212
1446
2487
6694
2885
539
7648
4595
717846
4295
937
1145
1637
821
958
1515
2277
1895
2488
9944
1350
3095
1770
1619
8245
3533
546
7096
4503
700090
701
1628
726
1040
1094
1207
978
4001
1053
1997
2766
433
1140
156156
626
8193
8233
3980
1822
2354
6836
2661
1308
2275
685
950
4529
555
959
836
4087
2487
3774
1778
1189
693208
1737
7986
5909
1906
1186
10619
1739
2236
10357
6527
1118
3134
853
958
595
1825
4030
2164
2353
3037
697632
645
1818
699
790
1214
8593
1627
1812
1163
8303
9371
2815
694
811
2140
2515
3058
2066
8482
1528
1737
4030
990
757
787
553
2860
1152
728494
1452
9038
7633
1168
1803
8900
1975
1080
994
3625
3457
1686
1779
4253
2824
9563
8246
2072
1040
692
2625
2212
1902
792726
1156
16202
3320
3853
8115
1058
2084
2085
1537
2124
2189
2743
4835
1583
7788
606
736
1042
738
5306
3652
3756
739963
2022
8177
1537
2258
797
1805
1114
10097
1736
5583
1162
1189
2508
8124
694
1323
532
1013
1610
2827
6835
1636
755930
8265
11010
2301
2132
684
807
1114
1823
2750
1155
1645
1201
2032
2933
8176
4039
2977
1744
2588
1253
717
2342
964
8123
2328
6980
933
1161
688104
814
1152
1292
1959
1749
2470
10054
3999
2150
2107
3315
1503
539
1727
960
11869
2322
8212
682
1240
2836
693510
10496
788
1131
1077
2573
1577
4019
2018
2145
2821
1281
531
1729
967
6453
2205
9144
729
1112
1254
937
16391
8817
689400
8395
2352
1140
701187
809704
3659
634
1800
2582
7964
1795
1822
562
8834
687
626
2328
1238
3548
818
1121
837153
3120
2514
606
565
1165
2846
1777
1910
2452
8623
1319
1613
1769
562
3221
8195
4559
732
2414
1006
685385
1531
1144
7542
545
1137
2170
1193
1797
640
7447
3048
1648
66196
2248
2756
636
1739
710
629
685
8361
4060
1833
8179
1553
531
2024
1266
10932
786
6959
2381
1896
1930
1520
2200
4303
2649
1865
1113
2318
2356
1163
659973
1048
4556
65252
6822
9224
533
323
960
797
784
2483
793
326
2037
2578
2054
1266
367
1973
1817
8486
1136
2525
1517
1616
1955
6850
8808
2260
980
4176
2268
657372
1117
695
1931
360
2388
786
4355
1854
1200
2617
1139
1116
8628
664912
3876
1511
1991
970
7186
8638
2164
9104
700782
1852
531
2396
1348
1327
4020
684
1149
3353
1112
2267
1793
784
5967
1092
19572
1832
962
3438
1907
1130
1078
9549
1130
773
2435
1298
715
1281
4080
1336
579
1873
687704
2211
7424
8230
2228
1033
8091
2038
1159
792
2829
9291
7499
2599
9239
692
3428
1197
2387
3994
401
7826
750
1125
1728
681955
2225
2607
4215
2272
1299
1616
2115
1282
2014
4951
8410
780
1734
2902
2346
796
2705
7522
1169
1903
1534
6893
2188
688358
2775
774826
1757
2736
1204
531
1164
672466
351
8644
892
958
801
1887
8156
1150
4129
12892
2434
697
6992
1775
7625
1853
3173
2105
801920
1132
1296
1880
2358
533
972
2776
1739
2640
1201
4017
8509
800
9231
5040
1503
8528
6858
1642
1904
2691
3516
681429
1323
545
654
2463
8187
3213
1905
575
1185
7848
5700
4083
2833
1152
704
2364
7352
1424
2925
8892
749089
1199
1614
532
784
3315
1536
8255
1504
1735
2620
1149
4075
919049
1920
685
1740
7643
1145
2354
2045
9736
1240
1616
824
862
2479
1469
8390
993
1504
2599
1154
6346
674258
944
770
814
1900
6978
1312
2352
7962
1379
1836
1732
2077
531
2416
1513
806
2048
2045
3001
4152
9447
702225
689
1287
1164
7522
1506
1964
1914618
1230
9384
1528
2336
2704
1185
568
2250
1955
1942
1331
2022
959
1914
2942
791
8162
712
7718
4054
2161
687392
8697
1203
2084
1801
2491
546
1595
1762
1630
1143
2767
2385
8244
2640
916
977
684
7089
4347
2782
694877
1154
8542
1029
1613
1799
550
1529
1393
1532
1744
2038
798
12802
788
2880
2597
684
1012
788
2358
535
2658
1196
672586
3388
1100
3999
1505
1232
3108
1142
6764
1313
2768
2022
1994
1907
8616
10413
2255
1606
795
3168
1322
682658
541
962
1111
4941
1532
1220
8416
2937
1137
7063
2594
1872
1798
1611
822231
7887
3114
850
2409
787
2207
1224
2759
963
549
4173
2338
2418
1200
1402
7596
2029
8152
1821
1831
2617
712613
8218
896
2358
702
2205
1112
1688
1011
820
474
532
1530
4608
1435
6805
8051
1719
8232
1750
1151
2057
9085
793
18938
698847
9348
2446
1116
5246
2189
2413
739
8892
2321
531
4196
7774
1177
1664
18591
548
4376
9174
1671
1639
738
3193
490
607
571
522
532
22040
1706
888
1624
645
402
4397
8476
6556
2379
741
643
531
1810
700
1690
652
2385
604
804
2725
1600
298
3231
2480
21394
407
2143
533
9326
483
520
1625
737
2564
3833
527
1633
932
2761
783
891
731
740
687
2378
287
5465
607
1642
531
8974
22354
525
1700
769
3776
524
4772
1726
803
282
694
935
1646
2653
552
2465
404
605
5871
1561
1081
547
3741
514
22260
9300
3730
1618
1678
739
1740
917
893
1731
2361
3116
679
623
1625
403
5743
919
532
931
536
478
5258
1113
3781
1651
487
742
1194
1163
23306
2488
3364
1319
5143
1223
414
9473
506
806
6731
1662
520
8289
635
5463
1871
1636
621
752
2868
479
2765
3762
2861
21956
3765
690
884
636
402
2749
651
608
1590
658
5384
8415
5997
632
1428
1646
508
803
739
3187
286
4135
284
534
1374
2217
3203
21538
853
967
894
3929
10360
1684
5375
3620
667
12345
1243
4057
1092
3010
1855
406
585
1688
4867
710
3381
520
613
508
2411
784
908
937
686
21665
1247
668
1648
8867
5812
740
4946
536
1674
2394
1645
691
1926
618
507
714
607
1611
921
964
1259
2480
715
544
22792
5836
740
4524
763
8340
1747
943
937
2387
519
529
1087
2284
768
609
645
1771
507
720
600
920
22544
2049
2489
4544
8512
1043
5281
425
349
728
2862
662
544
800
1626
1873
557
746
555
940
480
318
419
22649
1665
373
401
9029
690
948
496
2532
1602
2604
28212
5830
690
1630
5806
515
2321
522
1683
2006
1046
326
1666
1055
9888
2853
698
606
405
566
2565
6868
2520
673
693
1664
899
1671
550
1751
24543
748
8955
7674
534
4285
1653
527
604
403
476
2641
687
2408
646
693
1659
896
1707
511
507
1628
22217
8591
741
5837
949
1392
546
2476
509
780
2431
476
3739
607
724
1777
3353
1629
924
549
684
21115
1651
9415
5154
758
491
1990
538
606
267
1662
520
3793
748
917
884
2381
4228
697
536
481
1593
506
1407
22217
512
738
1623
651
694
5395
1756
8721
407
3804
1758
524
1410
961
3144
711
2372
546
538
2010
21957
507
761
1979
341
417
23110
646
5464
5168
3869
1923
8294
1859
376
2121
606
946
2384
2809
728
567
1590
884
511
750
477
1905
21932
656
402
5497
3728
489
1808
9036
538
2136
606
1682
2663
1660
691
1592
480
504
443
355
956
522
21753
1042
673
455
3725
1661
6761
534
1665
5152
2641
611
1741
2402
9449
697
1832
479
406
522
934
1254
740
928
2051
22154
3432
441
1649
66788
6081
649
15602
606
1279
1633
9323
689
1503
528
4311
507
542
3084
1855
3433
483
3529
836
741
404
2537
5197
1715
609
942
22580
264
293
3397
299
1575
649
1436
741
477
1650
4554
1635
1676
535
2411
9735
694
5921
715
610
1709
407
22618
568
2580
1934
645
3073
743
991
825
898
1610
428
4118
496
8426
2436
973
534
2531
532
1668
784
545
1577
22069
1642
652
2950
5472
543
1726
406
1213
6851
476
1119
581
539
1641
23050
662
1882
887
507
646
2408
932
902
1831
961
2333
608
9767
1703
2359
489
1772
691
3730
5436
776
22120
920
892
572
10077
2370
995
1122
3707
2477
1714
1680
23086
9430
1631
1665
520
403
607
4341
497
646
688
896
507
22051
977
533
2362
1651
2819
958
2615
758
1604
5910
2394
1786
9185
1429
405
3783
938
674
2406
1148
1079
22188
1606
1128
562
3373
577
608
1181
1610
1631
1647
1733
2907
908
1687
9574
4183
534
408
697
1488
704
885
574
927
548
335
4325
762
1082
1397
24283
2297
5143
1591
23260
689
1644
604
738
51023
777
9204
495
1015
2732
516
567
3726
2453
2048
536
2381
2122
480
573
896
777
725
624
5147
2082
5321
21120
1013
649
2365
8545
553
674
1634
319
499
1649
9105
480
407
1592
3082
1891
691
532
739
485
26207
896
527
2581
2280
1048
5272
3902
509
704
1662
2128
707
11927
607
2517
401
481
552
343
688
678
739
22351
3235
888
1653
1632
960
532
4163
667
685
532
1726
8983
7117
2488
502
803
606
551
478
3878
21707
525
1671
1775
3294
689
1619
4002
2723
742
503
535
9050
5245
1647
3214
477
631
3781
479
900
24047
653
527
10467
1637
1703
1631
815
1386
800
2434
605
931
10595
5179
2436
1766
612
475
3440
889
1719
736
3727
22509
945
836
520
8909
1857
694
1627
952
768
507
2495
3613
406
5122
4135
514
1400
1677
887
520
579
1317
828
3969
2166
6379
477
563
21861
1932
1005
1306
2476
11218
405
322
1650
3005
5290
4818
3203
780
607
799
532
22170
1241
2380
505
883
742
1852
703
2540
11310
406
524
1651
5110
674
4451
1608
507
802
707
482
22032
579
684
1677
931
2973
610
753
2422
9318
705
560
406
5421
1869
1703
1595
3753
1262
564
482
22177
1629
519
5702
535
1707
2980
1904
2417
886
9403
355
692
2402
9899
530
621
749
1624
405
512
2031
482
645
3742
579
6134
1614
1727
2632
962
8527
821
1142
2539
21923
872
1029
21677
1624
401
509
22738
481
1646
661
537
6269
3726
1644
1103
883
1761
8407
11186
939
636
4738
2551
741
802
1595
2446
574
566
950
529
590
6427
1203
3861
606
573
1913
692
8592
508
2810
750
2410
722
752
1594
793
3450
654
1622
528
534
326
339
5999
3757
478
22853
884
8611
619
1683
1694
2394
521
1907
1082
1597
11429
1191
680
1605
8852
1654
1271
1306
490
4175
1189
2500
1421
2059
707
32156
2089
457
7504
1459
497
13385
487
682
1539
1162
8950
1649
1265
500
913
5259
1166
1302
1675
3625
1434
810
1956
7490
39012
2005
12473
1669
2249
2133
503
459
1155
8450
685
487
3829
1265
2112
2839
2577
2372
1044
2043
7106
31043
1190
12510
449
1295
1342
749
2521
1529
1185
4837
1168
1162
797
489
10219
1624
32279
4156
1288
1941
464
1483
15011
773
617
8544
1382
9802
1697
2570
1303
1347
1920
684
1175
488
1638
3952
2160
4125
31946
760
1267
2053
11381
683
2735
7572
2674
2428
1602
1686
748
2007
8503
1920
486
1852
708
1281
1249
563
16332
1685
2153
11598
5781
2643
616
2882
8298
32747
1276
1455
645
1802
8982
361
36095
794
470
1288
1174
1281
2826
1958
31328
505
1641
1635
5980
3163
1529
11874
1338
9128
1948
1278
1201
4560
8597
617
669
1475
1586
1180
285
31258
488
13938
1736
2511
7529
428
1267
1727
1224
1980
1333
2596
460
1180
8763
8612
1989
613
487
680
1701
33373
1283
9383
1755
3035
12072
1338
1432
1747
2826
1856
1275
710
1272
4822
469
2030
7851
43260
673
3825
512
1389
1179
1526
7666
494
1270
1395
1671
2470
1890
2887
636
11805
1274
11644
1807
1651
459
39805
778
2536
10015
1176
1192
666
492
7802
1176
1542
1263
8897
1631
615
3813
1562
2021
1468
487
12461
1674
1181
1197
1392
31569
2826
8841
2083
491
766
1541
460
9788
1653
614
3781
1742
1402
1922
669
12446
1404
655
1427
1464
31371
2775
7093
1281
536
1311
1609
460
9352
1744
32272
1579
3420
779
994
826
1930
1405
1545
731
1649
1337
1132
563
8021
4075
1028
1280
489
632
8363
31622
1168
2529
1181
1901
620
12270
1700
1601
737
1638
457
1955
1602
1267
1196
3842
738
1401
1400
494
8024
2821
5048
1547
7901
620
1536
1890
918
36056
1657
1920
457
1175
2124
1183
3909
1250
1711
11210
519
1501
1393
11365
2845
2508
8098
1433
1542
1648
1412
31333
1687
428
717
1194
617
3816
1270
2413
1171
489
984
20407
2017
2074
8013
3555
36127
39742
1614
4886
1194
1175
760
866
1525
7236
496
612
1411
11061
1347
30862
3209
1792
1282
1273
1583
8395
634
1408
3430
1178
3903
1210
1280
813
7377
2162
1809
694
12183
621
32425
1469
2544
1645
1304
710
1820
8217
1793
1130
1167
3826
1289
5283
465
7677
2520
384
686
688
30549
1670
12421
2511
1275
1187
555
425
1325
1528
35372
9838
1671
1225
6471
2310
7612
1391
642
638
1706
663
1986
1340
9207
4483
1668
486
1400
1281
1980
548
708
2614
31310
1537
1653
11923
7422
620
1164
1649
663
1923
1762
1424
3757
280
1187
9184
1272
1411
1632
1736
1009
286
671
7758
30141
3023
672
2511
8849
11554
1667
1549
1954
856
539
5886
1407
1157
1364
3933
1601
7943
1640
476
390
1651
671
1941
1544
31838
2140
1451
7286
1423
1166
645
19621
1340
1172
1373
2835
3984
8668
11154
476
487
689
1646
9714
679
13375
1542
645
5241
1707
1678
11905
1616
32017
499
1305
2523
2029
6930
12380
1342
1098
30874
1158
1517
474
972
1691
1993
1579
1423
4623
1401
638
1803
669
794
31540
2016
1177
7246
3108
3767
9306
1064
8042
1544
1250
11255
1820
1329
459
1426
1933
1805
619
1700
669
487
4369
4599
4290
30740
1280
1442
8036
7840
762
5840
12712
1694
1173
492
1157
352
1200
674
1561
2039
1271
695
2833
6241
2270
34612
3071
3823
1640
1778
4705
7255
1739
1254
516
11528
627
565
1602
2110
1181
3007
727
4500
1179
1915
654
8222
677
4438
30438
1615
816
2570
7358
2074
1630
499
808
11633
1666
3922
1224
1559
1169
488
1956
477
2057
803
8111
31786
1463
534
1286
19290
321
7329
1597
2529
14154
645
625
436
1704
1551
1184
3761
1963
3586
1672
1186
8749
1846
492
1354
1181
35109
461
7799
1548
12092
1164
615
10109
666
9336
1397
3776
1892
2675
2851
1166
1666
1406
4987
493
1315
31071
1222
467
1523
11947
1192
624
1164
935
625
807
8013
1308
3982
1574
1225
3434
1575
1633
2161
2109
606
1450
1594
7201
696
6819
1126
1553
39844
11976
1718
13041
1380
652
354
3854
764
2887
1403
613
1388
814
1647
3770
1964
1632
1402
1824
1580
696
7817
2157
1721
1266
12891
585
3761
13577
489
457
685
592
2025
2627
2464
2052
8657
1171
1185
31540
345
1231
2704
1703
1161
1502
346
1130
1384
1474
9621
11858
475
1300
3848
2979
1642
8491
2532
12660
614
1181
2055
31214
1730
839
666
1264
490
1639
1776
346
1252
1488
1801
10771
1679
1279
1429
950
7571
310
11876
2505
813
10200
1984
12430
3811
699
2333
418
866
373
1107
1275
32465
2076
1726
463
7102
2743
899
8348
8486
1023
2515
1285
2970
31257
11386
4295
1191
486
1556
1179
2026
2008
1655
5216
1455
627
1193
491
625
9185
672
7785
2428
1649
32386
2420
2507
343
5125
1602
1179
1209
1266
2384
11239
9502
1416
458
1271
629
1653
682
8334
1386
1647
1275
32179
2561
550
4881
1449
1552
1180
511
1322
11368
628
1530
7892
459
9680
1682
1168
644
1535
7266
1669
801
32189
1615
3850
1959
489
12563
1184
2158
2928
1529
679
1394
456
17251
8906
1646
1260
1236
5579
2421
1654
621
8030
491
1934
3238
3835
1275
1191
3145
1495
669
13078
1397
951
458
8704
1169
1634
351
2001
516
2213
620
1639
1280
648
1161
8966
1969
3461
1093
3888
1560
927
1358
922
1507
744
626
1317
487
9547
12908
1647
316
376
1179
1584
1876
7295
1281
2082
3980
32074
683
1730
1162
3300
1632
1177
5001
1383
963
8371
1017
