12925
3771
15259
16490
6629
448582
40108
200091
102521
4079
7829
16111
100357
23839
149774
11434
6372
16316
17089
54329
6884
13164
3975
15263
6049
153350
454272
14314
11990
8262
31099
173170
17143
102937
112902
18829
44070
110813
121219
25719
3714
11241
16330
5534
6767
13440
148453
6058
7585
463499
13576
22975
4480
4789
99247
103712
14700
172367
16743
40163
22944
199838
17693
52456
10840
96690
12845
5906
7907
5807
414785
7263
9667
13082
96695
3739
15455
3728
97909
16581
14239
166784
38465
140405
15160
97675
10734
10041
8452
12438
23741
427166
7805
6022
47745
3590
52149
13630
15920
12229
101278
554352
3966
16156
143039
2040
95644
15287
14234
39179
6352
22311
6288
16541
18648
7617
14247
97631
12481
11114
3666
8106
20642
183719
3753
149706
6735
103725
6612
12521
52614
10995
8203
435754
23202
15890
53161
9393
5434
98613
11461
12587
10685
15399
106644
3581
4493
14095
172043
14916
15625
3680
6760
21737
12708
136399
5045
39744
62766
5636
99995
15673
22534
11090
435722
40077
3598
15616
12917
172708
9016
15336
2680
15785
3735
52112
6186
178225
156204
99125
5900
807267
98501
7616
11141
22303
44198
16326
15530
12364
39439
18502
13846
10542
11697
5636
12666
13869
3805
25055
145216
173272
3910
102266
97729
52848
17183
6365
20741
414530
14011
12792
15923
14595
11451
7707
6685
21129
4020
23357
39489
14369
168617
3833
99370
146865
96506
52950
16565
6036
16718
3571
425073
15112
12080
14212
11439
5542
7655
15838
12262
61451
21499
171925
38893
100437
14673
6304
14761
100434
5904
12766
55423
146222
16854
14751
433947
64568
3605
15962
12390
12649
143430
22622
8834
3791
100427
17377
6079
17164
39234
6446
96481
52498
138423
16504
32921
423195
99512
4346
15551
10674
63223
12807
169817
11980
22446
7885
15854
415944
5926
15935
53013
38867
3847
138410
97862
14073
15262
96014
29193
14314
13338
3655
12784
13599
10767
12110
8166
173797
6057
421540
15699
8697
5460
16110
4422
15463
103348
143074
98436
16160
53173
39788
5494
3563
23403
11052
12145
7422
182309
47579
5902
13404
2218
15550
177725
4052
57948
103990
53355
6202
97819
15076
18116
16798
10457
4797
10551
432172
24532
16657
480715
13250
138664
147659
2222
4212
9963
6059
12708
56411
6058
16950
7701
101520
39874
15411
14373
102112
16382
22502
18441
458489
14043
175117
149126
3865
3619
24043
5923
11148
54789
5900
53542
16390
100234
27489
181115
14250
4154
59259
136164
16269
453293
6070
8216
21006
11885
49642
163479
186681
4101
6039
11839
433338
101852
9947
142371
15276
12260
14197
4570
101076
54306
10451
32088
16290
8563
14345
3577
5525
39585
176964
3865
22409
11387
17040
446403
100110
147567
12955
13835
3648
99495
21734
7824
54319
17511
7849
17941
6076
99895
19174
53832
18940
22516
183167
25246
16080
40225
26129
6460
418223
12259
3720
138154
3579
15592
10863
51743
7800
12368
27752
14715
99076
12498
16054
102949
169026
16011
6362
39276
6124
414236
5591
3763
95747
143442
5901
99354
10985
9073
3852
6825
519343
100334
13212
52367
5094
421765
24112
16217
13285
5428
15856
39174
3805
168970
141111
6219
16240
10709
96745
7786
7982
7386
18528
100968
15405
12688
52357
3623
23695
5852
16025
15755
423556
7843
40980
140355
15723
13420
11679
5899
3758
96450
16321
12174
101154
172397
12653
7891
3768
22429
6366
5610
16271
58787
14313
45587
143149
19566
15378
452681
14007
4521
106597
16354
66359
101577
185544
13628
9202
3777
24630
6059
6480
173324
19339
16455
20066
53729
17208
78289
10209
521448
64586
6764
6477
139212
10631
99803
15074
7654
12368
22435
6487
5555
176541
15716
15079
11881
40879
12171
6171
38791
16190
51619
52292
406642
93784
3585
138612
22632
3708
12775
3217
15300
6468
177285
7958
3750
4838
5928
3948
16649
38975
44187
14367
2969
127721
2430
6457
53217
14505
10526
15852
22347
400731
544467
138819
5662
98493
7706
14046
15129
27199
20017
8321
12646
39131
17269
166659
4464
110831
6320
10765
94998
13879
15785
7651
30102
10902
404218
5474
51440
151694
23069
16794
4176
12972
12309
23826
173412
4209
101027
6042
508116
12627
9686
96016
58283
7671
39508
452966
5530
10855
10220
151691
54815
15720
3591
23455
12665
12320
15462
15299
174070
5880
100931
3754
57114
97772
8268
307330
40758
3200
19297
52645
13184
16338
146220
5750
102393
460417
11718
13453
17197
7684
6998
13728
3745
6289
16142
103859
193588
52413
6321
24087
59771
164480
6502
22502
24296
10791
5410
471772
157993
108978
13783
5950
14262
13115
13632
28615
16762
3694
17826
194281
132622
40512
6290
54355
23809
3968
8501
100772
15748
26821
145235
13707
444419
6573
135941
11514
9254
12716
17153
15972
3598
2879
45710
101750
56206
6255
229468
10714
3696
3605
98618
22630
33939
37335
49663
3678
446137
12381
127930
3707
15235
179661
10660
15983
102271
12918
58494
2902
142218
5453
7184
53531
23176
8095
7044
16969
14281
40715
12665
105380
12945
4171
184394
12229
15986
16182
102335
13197
3750
12984
440824
24450
6533
148839
5763
161053
11214
20652
22631
15028
471512
18513
4036
54496
40694
12584
186509
11211
125116
18558
13563
3997
110757
6372
103439
27043
444400
151222
7741
6703
21779
21975
3612
3639
17197
58386
16719
44941
396286
25610
176895
6731
109369
12743
3694
11227
15440
25937
440274
7759
5557
23130
16775
3673
3794
15793
54465
7084
34274
45068
161623
17291
22489
5938
105153
204596
12777
15777
122303
25254
14013
13796
14596
67807
5531
16949
5375
4049
14392
12867
481062
160826
58763
10384
6353
53858
102636
15273
187764
19162
108602
25847
14417
16712
16491
16670
6586
120719
10832
3621
3758
12862
164689
462816
15521
58882
6068
9931
111842
41573
210935
4047
15639
17081
24607
3319
126777
149659
8156
12442
136913
4033
16796
12536
455675
13544
3814
13603
7676
102600
11604
54416
120178
6852
14593
26240
56627
16756
181878
23142
17607
6829
3765
166712
16434
476231
12069
3904
63048
10819
4607
6646
42919
14339
8544
110630
2436
849162
22055
27640
20438
347903
112956
160435
621412
18676
13262
10566
185849
4075
18192
62820
151138
8382
5925
42056
7999
4237
14720
105707
18262
24509
17087
102727
12316
221600
57531
535569
17692
8422
4301
17322
25962
177267
148611
9748
19572
64743
3784
10192
29417
16739
29264
14661
65038
20208
347717
8127
2573
5672
162196
146961
9184
12520
57626
14987
157447
79417
3153
25691
15207
31785
4911
15155
105153
60392
9453
335911
8387
2581
26196
8453
330484
148117
9857
62511
14124
164399
344373
11769
4259
15363
86495
7709
13932
24657
24786
63237
28572
9479
155574
3167
8385
27784
11925
162982
14930
9143
9630
347208
56425
13640
4097
78643
8839
5766
154029
15914
22632
10869
28517
13564
13378
7740
9643
2584
32450
4256
155061
64269
4884
149760
332258
21873
2986
60567
9596
9459
155463
14777
15857
31951
74143
17814
10522
14117
109870
292771
137763
22359
71095
2969
184634
379730
23624
3713
4897
9259
58181
12565
163202
15365
28244
14806
43058
14253
15813
10577
79262
13994
16391
175660
15953
68440
166217
145369
322024
3136
4824
2641
17307
8967
18537
29181
27926
18415
56604
7803
30206
8834
71165
14143
23523
155962
372245
69731
9918
31029
13007
171175
117433
7891
105197
12098
2934
86601
11078
9673
16346
166435
8218
30100
15692
4449
22612
329850
76862
10202
25921
15248
31350
158568
5195
162955
14230
2732
79000
10790
9103
58104
157062
14921
8344
91822
3494
21006
8798
65998
3799
337384
24773
11135
177079
5017
28988
391955
14615
164680
2536
14746
58040
9734
16516
10623
76717
3647
22783
13855
159870
65137
150782
28248
10885
157246
5425
160348
6127
327619
7943
16983
27277
23020
20280
54781
8789
2643
11487
73054
13786
19499
60906
145590
30114
10391
174103
3584
182452
5129
345972
12066
15758
7855
24684
106675
58441
14361
8332
9661
77420
13826
3094
64320
149911
13053
344330
157331
4157
27182
6323
23466
13400
5851
8359
25717
165376
56746
18856
8709
15245
12696
11341
2609
5911
15306
20270
17266
353552
7780
3432
29439
3148
81706
152350
3800
2915
153792
161182
28422
24499
14235
64403
10958
17070
64489
8734
6541
10874
9786
13712
337608
31456
3673
75423
153150
17870
12994
2766
155681
179749
24367
22798
54808
16378
10144
58667
7559
5293
15576
41278
27175
11327
12246
3108
47533
9141
29725
151513
18022
2547
150842
163035
71200
12708
11066
335222
10486
16510
20904
25099
162088
158327
9850
63988
23300
3688
58396
5301
171658
29454
24821
3222
151256
67235
2848
67257
2206
15502
12524
28890
12773
17691
78195
10335
11281
8420
78227
173475
9122
33256
36133
159765
8750
159764
24519
365803
65568
160863
2574
12304
3253
14185
163879
69699
6934
66238
2207
73055
16800
9635
5909
23161
28312
9475
23259
16299
2804
369431
152275
244916
10425
3028
3761
212247
165242
1745
14208
8804
63353
17348
359427
80768
9337
21340
200796
6027
15466
124887
68378
22931
29429
31964
156240
14874
10767
28671
153273
3985
3153
33635
214397
11924
78213
351008
16706
58919
17933
5347
11351
31363
11142
157549
15416
10268
7855
3822
58660
22590
16160
2982
149985
163783
22923
9465
362981
26595
84536
103281
24281
101124
101234
13527
1996
45333
15135
10609
8424
67246
26091
64870
19321
154989
31211
13720
3097
11859
21202
26491
10556
2662
2708
90368
103472
5760
162372
341831
164467
178323
10624
20276
22684
9864
26623
145711
10452
3877
15660
9186
63324
17679
32501
71808
27392
2977
60481
5463
72274
164575
160090
11783
60562
16005
8684
25593
333701
11286
3798
13866
66052
9785
24583
15030
29763
164329
2936
69027
6684
66646
11993
78292
10509
153682
15117
10705
9440
73165
25559
13058
12290
47570
172234
41082
6281
3300
24741
41402
152057
4116
15049
74450
183933
8728
18543
5869
3529
7623
46435
27649
12966
12783
23096
405860
401847
16583
3204
10318
5129
15462
147066
173359
23724
15786
359364
15049
69416
5711
71039
87216
2886
172142
29488
8185
11175
18819
25269
3885
10245
12925
177207
160983
5556
88218
15803
373257
14201
24535
59191
432981
65894
10662
2545
334935
31409
9703
10380
14718
3739
8492
24329
162084
9249
172160
185259
8249
77706
14920
23662
59537
28116
74175
16838
3001
366932
423322
7926
10432
18236
3238
8815
23004
191924
20065
170409
10071
4903
15978
171045
74190
58459
23515
60483
29475
2606
14935
330408
9470
30613
3603
10833
3462
26811
8416
9087
10267
146900
153271
16532
108951
9013
154324
3269
81763
33564
72730
8931
374410
6412
29913
6923
8073
110933
3091
23232
72738
13472
18552
171301
154186
14653
14421
147281
2580
9538
26143
375414
62502
16147
11652
30788
5306
12131
8481
3329
82917
65330
28135
16320
24581
156810
159164
15841
25629
4932
8521
3193
329846
54367
149964
11699
9121
22301
26986
7868
3103
12862
69727
21297
90788
58799
20580
163939
15392
159170
5943
253823
46455
2606
54611
12156
179658
11268
9203
23104
7911
48115
13578
154481
116621
8612
4482
21832
2764
15044
198596
6700
23963
10824
19236
66157
11153
75885
29721
362178
166218
25564
21884
2661
153343
8792
9411
6952
53515
22315
61355
9623
16344
13445
165758
9922
14513
12126
3113
74011
387473
75541
161773
11824
3136
148854
8577
8977
5243
27436
24388
195332
25018
85233
178216
157629
40315
11149
35009
18520
3216
14743
10597
24825
18240
59842
3104
29497
28241
10635
8773
5138
6210
9404
10708
161076
152574
7641
375211
58583
74033
71681
37674
147855
146831
13652
64088
141136
26280
12438
27641
9755
37349
3203
14529
8780
9007
26941
9009
4998
310404
30856
12678
27914
8218
5798
68817
2554
147884
64337
3412
7097
155953
10272
30003
25692
24197
13094
27517
8936
56792
32587
156325
327435
9651
5314
18877
2611
17607
77797
30937
73623
7788
16615
167168
62537
12374
149734
25110
27900
152712
8537
3175
8816
15085
315409
13117
10822
2546
4927
23762
28567
60007
23327
77353
161638
57876
14736
11388
140067
80084
19435
23619
8077
14453
14775
9160
16347
152302
3139
11618
161055
25427
68985
27516
5043
65155
3185
47160
6457
351617
60224
11011
23447
156264
99184
14178
22875
15594
7924
16241
10496
74238
8449
9922
59694
3126
24046
9114
80159
66483
59235
5266
16978
146329
10727
340793
163729
66590
30275
64244
14035
151272
160542
10535
9664
23615
3324
2588
58674
167766
14994
67394
27906
5220
15528
181617
74298
87928
342052
149275
7824
26345
10333
13927
146929
8762
22445
9826
3375
2676
59283
14905
98621
25943
206328
17383
168078
61244
19957
10747
4724
71181
26408
393279
10884
67414
163328
6782
64007
3230
10241
24017
2819
14900
27219
3160
3023
8947
253056
17559
2806
65272
7070
70147
84547
7013
3806
6660
108037
16820
519026
47478
5914
25272
84983
1253010
11903
264931
275744
9074
20860
2835
46296
4131
439004
50244
3747
68280
6058
22685
33211
1237185
100846
3743
15428
28450
6099
6301
16517
261626
29209
475207
8177
4323
7507
4074
82375
3579
55602
52038
25083
3912
2000
97803
18360
5144
28093
1243693
27613
5682
306094
61859
439849
14212
2366
7594
5894
10887
79794
45777
2890
19056
12903
3440
91550
246221
3823
431341
1179808
25850
220661
2714
41982
58632
58117
74495
5611
3255
5774
7068
39737
17006
43291
18073
59175
3493
7427
9366
3526
250216
25460
414481
2823
1153974
3379
438468
76133
5675
95483
7929
2228
11896
41478
44401
19311
17242
63584
3736
11577
5149
86032
3581
97148
25278
7685
249388
3453
6020
423060
93072
6173
2849
26993
11771
46136
4818
180700
20512
3506
9971
67275
11924
1194285
73370
3613
19508
8032
5980
41644
26520
5622
92455
23211
2666
240756
45827
3319
12553
17647
422012
12221
257203
3579
133721
2880
4115
14467
7703
18592
2713
85957
43453
51360
9872
26739
6670
1188276
3646
74300
45463
72291
12634
257326
422808
3468
5552
3543
99051
6645
8732
19208
2712
18292
41628
63132
25289
61585
56155
1166149
9572
45002
73878
7574
59978
5812
411816
13230
1174692
3370
462742
44330
3672
19225
8451
250165
11692
1248041
5884
10007
74231
88798
94504
72569
2647
7611
5896
3633
3396
45867
25692
4553
17507
40888
19188
8583
249666
4182
12015
8065
1156077
437730
61372
8281
4527
58653
2717
95266
3638
3572
74963
25452
47031
18214
7970
18685
3542
9991
4346
6407
260594
3385
3610
45108
1133305
419823
6360
62643
3581
11979
94126
76541
27173
45687
220931
7593
17264
3879
255388
19857
6035
10365
3374
3551
443206
40584
3631
5808
4056
1222978
18050
64168
95314
84319
45916
26314
204596
18757
463813
3747
7473
6656
18837
10445
10147
3860
41742
2764
5806
3288
1102956
12421
3836
98567
63024
56168
26144
252173
59274
27518
49802
4517
28168
19836
19004
81483
3361
425406
7709
47699
10858
447621
11751
5835
6096
12318
3490
7122
6547
3552
44262
27946
4429
427146
264523
94557
19495
72531
62041
3983
17499
3444
9668
45814
1136249
9041
6139
3561
12800
10388
6096
18312
3701
42261
419844
25395
247271
1224645
73463
61972
6695
4706
19300
11048
49776
2730
93338
5607
3316
487747
5835
12119
18349
4007
429868
41425
26451
2672
1129950
71203
59132
7442
236639
18279
16778
9546
3517
91031
5609
43531
235807
70594
2638
24138
18260
37057
11637
406034
270273
7277
3511
6433
3607
26680
1182428
18646
255517
9575
21104
7273
7405
40537
331118
74064
3492
7424
2813
60867
76669
95659
5746
416920
56364
3330
25815
17637
94621
241301
2781
5965
51024
11817
529795
22951
12390
8417
3983
9068
56830
3734
1172203
11780
28847
20831
3595
8470
5919
18396
94863
4357
252706
5903
61757
420613
7350
41039
3286
30640
247500
86575
3611
2852
11435
1152500
6222
18819
7657
46066
5649
43404
94362
25384
3850
17970
423195
3627
11895
6377
62164
251735
79776
11804
3603
2631
1149602
11568
5843
4061
7827
44915
19825
92337
40062
7194
4394
19433
3459
419634
4402
61852
25440
28155
76884
3745
87736
2784
254765
8743
26095
12826
5746
45461
4051
94461
11192
20312
17140
3443
40680
9878
3716
425767
71119
76118
3513
1119315
3236
10840
241282
39836
5777
24078
42797
7457
11639
5807
3670
17205
19376
3353
95519
2675
415052
58724
59144
3541
1125747
99746
78313
53865
7787
41585
10438
6765
463084
244059
12577
6438
26999
3966
25205
18656
2817
272683
75833
66250
3913
4829
1168717
406697
4556
40241
72755
88085
10360
9511
7450
5874
2588
18525
13106
1623
25074
43547
18990
83379
5815
56544
3889
243934
413166
3769
42889
72384
22097
97125
27399
16091
10342
7302
4342
5629
11882
2656
8163
25697
65984
20757
1182383
3543
250953
435272
54552
47835
73298
7632
3517
61390
363588
3673
45065
18850
6255
2070
60223
8841
57430
24713
6371
11446
4160
9480
45628
1149481
3927
2603
14502
8932
441256
64365
2775
243507
27240
43196
46820
19814
2509
20188
28415
73333
4748
5860
3728
1164250
6564
11600
3296
185102
1174420
97639
14651
7923
2464
4889
3644
23012
28410
41302
3389
59938
2685
12224
4380
19194
75122
61631
7138
19180
45883
243663
424679
1161690
3684
93975
10750
5864
3834
7883
8338
14420
27225
43560
3625
1176966
2644
20702
2315
62700
17965
45768
6614
76008
257155
409909
8142
9006
10745
3341
3743
93007
6875
69223
12255
23627
40153
1151319
4105
3582
26220
6602
17208
3838
84004
45310
423312
6009
18999
133620
2571
7393
4802
260650
78013
104662
6974
25497
12019
13562
10478
13015
3481
2942
14896
40436
3334
448076
69656
11892
50646
5775
1166448
3793
249011
73869
8133
101387
27244
4263
14688
92232
18342
9493
4694
2995
19647
61433
4455
71913
39625
412548
7155
1176229
4075
9699
3756
263408
74382
25526
7576
3819
4095
44394
11821
6851
2656
18419
4893
92897
2906
18866
4191
413381
5889
2091
39776
60467
238172
1156994
3296
17501
2969
27217
3569
72019
65696
9856
65457
2376
20935
4205
26658
4313
419682
19713
98763
6298
27174
41546
246928
5661
6698
1180796
21060
6926
31150
7745
81060
2981
63115
3750
3450
13271
7409
23450
3372
436500
94282
44791
18631
428077
251152
1012903
47600
5869
10269
25156
5765
435905
11166
3518
14217
74457
18231
18311
62573
2681
448438
1720
3883
95145
261409
8786
3408
1206684
5788
21873
46614
39724
5550
66852
9581
12366
3518
558545
17048
71181
24632
8846
39475
4299
4140
3778
95999
258759
1195797
2740
5709
45115
38650
19466
58161
3721
8455
5591
11424
10681
444685
25615
270940
17847
3651
83673
3828
96373
72096
1151256
2871
6083
247429
41950
21166
61316
3405
7929
7306
13296
10803
77441
100103
32270
457833
78037
17876
3486
2686
45541
25641
2674
252800
42588
3709
1161676
25508
59117
68966
7264
6463
11718
18034
5897
9498
417655
72867
4269
17764
3446
4774
92381
2897
46046
258287
3258
11637
3737
1141536
41914
12924
62596
12432
8210
25179
6448
450122
5809
17746
12170
4520
19209
77714
3523
46276
55340
95249
253776
4203
7674
3033
7750
61389
42434
1197079
10202
6201
449692
7121
25449
11833
5623
18418
13210
8160
1173167
31226
43394
6507
18346
22399
4405
11450
85915
22012
54651
12745
226788
3095441
4889
24766
23943
73956
18056
13029
29852
1155615
8076
28840
6193
42731
21944
4137
11332
88723
24277
52896
12706
29446
3018137
43133
26424
67858
25664
11195
16130
1177546
212423
18819
22586
6671
7750
22398
26721
23030
11610
5098
17702
12639
33889
88548
46404
4336
54516
25313
2914208
219860
20663
1158069
6150
15134
109416
13691
5917
23411
22826
12740
8307
32101
16387
24021
17902
87099
3653
4575
11666
3075664
52411
220976
1236638
26781
49360
48975
3119493
5834
4971
27725
26317
13622
2513
19374
8966
13797
23076
29129
231654
12577
18449
92757
53810
1227391
18044
26525
43347
18597
5867
6074
3139382
22462
22243
10331
12435
7356
12900
22049
7503
22215
214234
11005
29969
4117
22397
1139744
23276
81726
39936
25458
49650
2768600
16974
4836
5819
12001
16917
12011
1079569
10123
7504
9878
61927
27089
10724
16994
202922
4089
19734
21442
21244
41674
24695
5844
17026
80376
12063
2679942
23375
4790
22266
12519
7384
49976
16739
27013
10794
24689
200371
1058618
4167
21352
39029
48869
1079408
5803
80335
11897
79618
23213
17032
2696099
4280
1074613
10181
12099
21421
27047
10860
21329
200470
4817
12013
39411
4029
50026
21224
5904
12884
80898
12094
23491
4768
17200
2671719
7402
1062989
17102
13000
11074
23383
27273
201953
12048
4844
39464
49088
80568
24982
5949
12776
21329
23503
4112
17008
12215
11244
7148
17428
2680709
1094793
21439
27338
10941
7998
4796
38671
50710
82183
210010
41218
6269
21730
21954
4174
17278
12271
39866
23566
16962
1084416
9913
4673
55165
21468
2659308
24735
4801
10998
14533
19297
29056
21277
5810
21337
16783
17247
11864
24815
80305
23272
1078547
4087
7347
199383
21426
21144
2681183
11962
10935
49638
39384
35444
21504
5824
10137
27454
11906
23648
17903
4844
23791
1063106
12600
4041
80875
7576
198814
2694842
26083
11099
49692
22061
39488
22364
5810
21315
12973
7614
16808
17158
4782
27123
12065
21670
4128
11964
7582
199830
2706703
80197
1072845
23175
5923
49765
10943
4271
21350
212478
26880
21418
21710
81957
16885
4815
21519
4130
39813
12311
13683
11969
2769686
1083034
16961
5947
8941
10933
7372
21864
200591
27088
21591
49433
17228
278190
84992
5838
4054
22635
2988810
13138
331861
24401
41278
17440
83598
12100
105405
5826
11122
8052
29186
22110
22228
52834
108978
214955
17390
4256
22267
2803516
5051
11603
24918
13044
18952
1126117
12238
13486
46499
6067
71353
27640
11126
12809
24604
51757
83823
9194
25447
4195
23798
4887
207251
2806820
12396
7470
12190
25388
1114448
22177
17467
22216
13631
10897
28492
5942
52900
83410
11864
17641
4571
21936
69957
5775
2814821
12941
22376
8277
28515
1105767
12532
41339
18079
22608
11541
5922
13591
50566
82268
247877
23540
4074
8998
21565
4995
2970575
18287
21821
7888
29392
1112236
12175
42263
10719
17935
10886
5855
22225
51788
85152
214940
24384
4820
12433
10184
5332
22171
2883180
22425
8483
367814
1108083
11992
13302
27502
17357
17435
6449
39438
15624
7264
28579
51053
4118
11674
207899
5068
22069
2805613
22420
7649
83740
12516
1097706
29353
12634
40455
11050
43281
17967
28144
22776
1278056
29945
4882
55236
5935
15009
23684
3109948
4030
7640
21585
13247
50754
1117577
32684
12171
205567
84062
3965
17944
12215
11439
17665
8878
5338
24663
12117
22344
20814
41133
22248
5375
21734
52173
2816364
27023
53455
89472
209421
22243
6344
11916
12544
5034
4805
13732
17627
13539
22024
11409
13972
1130047
21829
18109
15507
86402
51765
2840215
39650
49967
213521
11960
12639
51469
7796
4039
24753
5850
28853
21814
17459
5397
4845
22377
1119424
17407
1191083
21975
2780683
40935
82632
11934
12114
9903
207688
13057
12767
23947
20427
4042
2513
6041
27161
7025
7331
5607
24798
1108171
3196
51279
41343
17570
2811634
2512
82405
205879
21901
12442
24668
10693
5281
11983
21974
16855
27606
21734
133286
5887
1082114
22227
22010
50380
7392
17357
2726027
40126
205738
4146
19626
4065
43590
9639
12152
5409
3596
17267
27487
12337
17643
11290
26485
22005
6012
21695
11934
17124
2770861
21868
1099589
205239
7518
826526
40950
17567
4892
51871
4043
906184
28799
21819
11567
23407
84186
22205
5878
12392
17527
12592
22732
22712
217769
32593
8809
51812
17918
40915
1111726
4064
260375
28618
12819
2779928
1116746
36546
82392
23935
5843
50098
17692
56782
4280
22087
12475
7451
138289
12589
17286
33306
11044
8412
32733
13443
22598
5454
22209
21918
2783539
84017
40726
24094
4083
1125834
17631
6499
7601
209752
21765
12171
18131
6029
18100
13177
29023
54553
11977
22947
21956
2860612
81297
84221
24043
10520
1081714
25309
4876
7639
209429
4043
17917
17562
6278
40210
12572
28389
6561
6359
51689
21644
21980
17790
2751253
13072
8964
1115995
11320
4846
371932
86877
13008
1208176
10555
17783
5018
24460
27376
4145
40195
36365
307942
5866
7396
17578
2812397
21781
10911
26897
4897
22516
20678
12436
12662
52326
86415
12764
24040
27577
4849
40700
212492
1083475
6605
7424
17534
2895204
21857
43910
10908
12818
23904
18265
4904
18951
26207
55158
5226
17762
25019
83148
40728
13329
29078
1108847
5948
7632
2774537
894495
22516
4121
22742
21821
17529
205280
7455
11350
4897
12073
10737
17477
24428
10534
51019
40222
23114
1092484
84766
6081
2911388
27811
1091866
22507
4165
23302
207915
2848117
11157
20059
1136467
7576
1134399
4857
14222
24487
40324
22507
17896
12910
84228
24860
216445
12879
22990
28764
22149
1218803
7386
4109
2904012
5807
7794
45475
54242
4855
12520
19146
4985
22221
4579
86218
19514
25604
12792
23267
216084
5160
3105045
1094456
27672
40611
4114
22147
40885
50472
10890
12439
17106
7415
21792
4890
5339
81884
50204
205344
82760
12729
21490
2761974
1097336
27191
4806
23492
4041
3817
5863
14293
11997
17027
7362
5843
49130
21476
24666
16791
39439
5482
202691
3786
2812564
14909
1154112
22096
23929
40447
28011
4192
24304
42399
5122
11712
7933
13415
23089
13511
18501
22844
5851
222934
88183
18364
12898
7914
55045
1094853
41654
2710011
86746
4045
23906
27706
10806
17327
2636
21586
96306
21529
22090
5011
10704
7495
4851
17502
3209
49858
12420
35591
5876
5987
40084
2768508
27364
12168
1160701
5085
23676
214097
17925
29326
24731
86621
9440
26112
6389
20093
3811
88978
240584
1547254
16138
830549
2260
